89.270299 32.276169
17.722890 12.548182
9.108920 9.409986
6.806551 7.166104
5.153692 6.076591
4.147560 4.745341
3.309832 4.104619
2.850833 3.763794
2.610971 3.533106
2.426906 3.388286
2.306859 3.232786
2.194110 3.146422
2.087211 3.268023
1.988160 3.178407
1.909053 3.041432
1.845801 2.857552
1.783247 2.772503
1.715500 2.695797
1.700460 2.842135
1.616496 2.669383
1.563581 2.696968
1.537293 2.593547
1.491526 2.509761
1.462583 2.506319
1.436672 2.348652
1.398949 2.328608
1.374957 2.261319
1.360546 2.304508
1.329621 2.281983
1.316620 2.324787
1.293147 2.350517
1.285272 2.341133
1.273892 2.191666
1.266682 2.177210
1.244529 2.090874
1.240845 2.142952
1.233999 2.246813
1.232036 2.158507
1.219397 2.120368
1.208700 2.098015
1.191768 2.165411
1.199448 2.164867
1.194415 1.974689
1.169186 2.127639
1.176878 2.140315
1.176124 2.055132
1.160824 2.174103
1.157135 1.996188
1.151306 2.018267
1.146650 2.035365
1.119327 2.063309
1.125875 2.039821
1.120899 1.940395
1.103555 2.080021
1.099265 2.065606
1.099059 1.975318
1.096005 1.989458
1.095135 1.936719
1.090437 1.979806
1.087578 1.959061
1.081667 1.959273
1.076759 1.894977
1.078169 1.990988
1.071765 2.086919
1.081573 1.971282
1.074520 2.087050
1.062260 2.063147
1.063662 1.909430
1.050655 1.968619
1.042893 1.909855
1.044234 1.969404
1.038477 1.914610
1.037840 2.029394
1.045259 1.904693
1.038179 1.915001
1.045255 1.873618
1.036157 1.865846
1.034825 1.919609
1.033497 1.850977
1.029483 1.989942
1.026734 1.943832
1.025619 1.882703
1.026937 1.950169
1.019784 1.946667
1.022229 1.823120
1.011967 1.965541
1.019480 1.817431
1.015099 1.866548
1.021251 1.924682
1.004039 1.964434
1.017825 1.864582
1.025561 1.912942
1.004994 1.798647
1.012429 1.943360
1.003974 1.898181
1.004414 1.917598
1.002454 1.909918
1.000064 1.892452
0.999557 1.947076
0.995736 1.976757
0.993408 1.832108
0.988210 1.937186
1.011414 1.825045
0.993561 1.987279
0.984411 1.951930
0.978271 1.934715
0.968861 1.995070
0.986648 1.916442
0.979980 2.009427
0.976371 1.923979
0.979528 1.928576
0.971803 1.886755
0.972452 1.863644
0.971326 1.830358
0.969083 1.896669
0.971780 1.963643
0.976907 1.956253
0.968691 1.961516
0.967473 1.992332
0.968848 1.884777
0.970500 1.970698
0.965391 1.887499
0.964733 1.805909
0.963610 1.931576
0.965118 1.901854
0.972532 1.820678
0.960128 1.841233
0.974939 1.885077
0.970454 1.920342
0.968118 1.902455
0.958835 1.865945
0.955813 1.935302
0.976466 1.934832
0.962361 1.723852
0.963371 1.865277
0.967913 1.875364
0.964085 1.869740
0.955278 1.810683
0.959711 1.790756
0.955209 1.872372
0.946022 1.742575
0.963014 1.848944
0.976603 1.852503
0.957845 1.829356
0.958547 1.797518
0.965594 1.904462
0.961182 1.897950
0.961958 1.841366
0.960626 1.908123
0.958736 1.910582
0.956259 1.764920
0.965528 1.756239
0.959329 1.660759
0.961270 1.968046
0.960409 1.776519
0.960255 1.916795
0.960113 1.911268
0.959015 1.843729
0.955798 1.695951
0.957013 1.925118
0.971536 1.858017
0.952911 1.790677
0.957634 1.892269
0.948412 1.767824
0.956894 1.772537
0.954260 1.781488
0.958055 1.866786
0.940558 1.852223
0.968099 1.899147
0.952596 1.757136
0.950368 1.777858
0.950988 1.915863
0.950962 1.747570
0.948333 1.816489
0.950515 1.764068
0.946478 1.743243
0.954206 1.862733
0.951044 1.877842
0.957418 1.870425
0.958267 1.769523
0.944480 1.888509
0.953005 1.721491
0.947443 1.805785
0.957170 1.864242
0.941274 1.801116
0.954216 1.782916
0.962495 1.740586
0.940041 1.818292
0.948916 1.814186
0.955529 1.785009
0.943758 1.902412
0.952643 1.797259
0.943180 1.910723
0.952094 1.765590
0.956394 1.837584
0.950817 1.870619
0.958999 1.940615
0.947261 1.824503
0.937185 1.828532
0.947302 1.793451
0.944378 1.745445
0.933321 1.760072
0.944095 1.717450
0.943745 1.784441
0.942380 1.810274
0.942720 1.822533
0.944242 1.754604
0.935953 1.818858
0.937947 1.751509
0.937322 1.768811
0.933128 1.836989
0.940305 1.809747
0.929984 1.855700
0.931563 1.911483
0.929488 1.918256
0.928210 1.843375
0.930708 1.837405
0.937274 1.798974
0.924141 1.861640
0.918805 1.795390
0.930754 1.766999
0.930368 1.747557
0.932963 1.796433
0.927593 1.703434
0.921850 1.743887
0.921498 1.678991
0.921860 1.714013
0.920169 1.755050
0.920245 1.807163
0.934579 1.772426
0.925785 1.753138
0.930940 1.874250
0.937944 1.775422
0.915383 1.898310
0.925428 1.801594
0.919197 1.755011
0.921245 1.752660
0.924175 1.755716
0.926648 1.747710
0.918327 1.884503
0.927854 1.736840
0.924945 1.878081
0.913831 1.790230
0.920812 1.743210
0.926681 1.682469
0.922715 1.771609
0.899654 1.734433
0.914335 1.816491
0.920940 1.768403
0.915688 1.754348
0.924223 1.832724
0.914538 1.811863
0.922515 1.830178
0.924487 1.770932
0.913565 1.801881
0.915742 1.785244
0.912776 1.776548
0.923478 1.747623
0.912766 1.759867
0.916064 1.861766
0.906804 1.815500
0.913033 1.802549
0.916558 1.829339
0.917530 1.749692
0.921729 1.863008
0.920501 1.770590
0.903069 1.775180
0.909679 1.898938
0.912822 1.822706
0.916567 1.749808
0.909125 1.790535
0.906157 1.686205
0.913111 1.688823
0.904114 1.797254
0.923076 1.767588
0.905846 1.815078
0.900017 1.762149
0.914987 1.757271
0.911233 1.695374
0.912274 1.779744
0.903794 1.846782
0.911031 1.730740
0.913443 1.755308
0.912226 1.886796
0.920629 1.755324
0.920776 1.717291
0.907903 1.855764
0.921008 1.739087
0.912059 1.785212
0.911375 1.745792
0.908406 1.787049
0.908445 1.672116
0.926554 1.805674
0.901309 1.854169
0.912520 1.870270
0.915604 1.799865
0.902079 1.743969
0.909556 1.841832
0.908682 1.674037
0.902664 1.703897
