16.523505 8.275170
6.935549 7.501554
6.380093 7.260590
6.217372 7.067363
6.105551 6.952555
6.025310 6.957220
5.943046 7.085464
5.899124 6.831472
5.847797 6.962344
5.789044 6.749587
5.754326 6.708090
5.705796 6.681563
5.677188 6.606010
5.618714 6.501626
5.579425 6.452330
5.518224 6.437168
5.501769 6.476589
5.474225 6.258749
5.397931 6.349648
5.368468 6.161837
5.325762 6.123767
5.281181 6.163726
5.227589 6.102206
5.193299 6.212700
5.162463 5.966506
5.110092 5.933704
5.071037 5.869828
5.044347 5.802480
4.990713 5.732165
4.940604 5.688065
4.888117 5.820114
4.855617 5.675537
4.822526 5.634299
4.792848 5.593768
4.761178 5.544921
4.725360 5.585781
4.696045 5.507469
4.676005 5.412475
4.645038 5.414055
4.607614 5.422024
4.586168 5.483007
4.575368 5.455491
4.539010 5.468726
4.526471 5.293155
4.500179 5.380952
4.504418 5.292577
4.477245 5.284104
4.467142 5.301793
4.449566 5.337938
4.448952 5.185821
4.427436 5.200727
4.403749 5.174252
4.397872 5.190593
4.376613 5.106747
4.355001 5.073857
4.340427 5.088878
4.341857 5.038774
4.310239 5.065132
4.292209 5.022105
4.276649 5.048203
4.259223 4.948921
4.261720 4.914499
4.224349 4.948281
4.222223 4.939023
4.194221 5.062406
4.182004 4.901043
4.164380 5.021502
4.158104 4.946233
4.151441 4.876485
4.129679 4.906765
4.118819 4.799522
4.100350 4.833284
4.098035 4.800962
4.083450 4.770010
4.061626 4.768675
4.049664 4.894398
4.033135 4.870889
4.024981 4.696373
4.012248 4.793729
4.003790 4.671383
3.987139 4.733277
3.990334 4.696669
3.973870 4.618803
3.966669 4.744823
3.957877 4.676749
3.954470 4.633106
3.947945 4.694900
3.925108 4.677322
3.927201 4.588119
3.911667 4.669151
3.902812 4.614887
3.913930 4.659895
3.909402 4.551847
3.893496 4.598964
3.878941 4.635596
3.885880 4.527227
3.873443 4.609951
3.861576 4.511414
3.872245 4.488219
3.858952 4.474704
3.855136 4.666620
3.843993 4.465773
3.838685 4.424599
3.834230 4.543161
3.821498 4.438204
3.816107 4.501755
3.812517 4.617370
3.804864 4.482461
3.811539 4.499014
3.796314 4.398255
3.789940 4.452823
3.772388 4.477141
3.783677 4.425936
3.775855 4.495184
3.781413 4.427985
3.766989 4.431210
3.755214 4.493597
3.753288 4.379462
3.749575 4.390124
3.748152 4.437746
3.748623 4.419432
3.734758 4.334434
3.727774 4.256803
3.726704 4.362881
3.729316 4.414958
3.714851 4.283520
3.717778 4.376201
3.705729 4.364301
3.696937 4.311238
3.692112 4.375760
3.686542 4.335010
3.685458 4.313898
3.688819 4.368963
3.690050 4.276342
3.679822 4.323012
3.666102 4.312900
3.669424 4.353310
3.664754 4.403569
3.658735 4.284065
3.648681 4.237492
3.650501 4.299036
3.659929 4.252251
3.645977 4.237828
3.639202 4.338004
3.628402 4.289157
3.643262 4.284533
3.632034 4.232446
3.634146 4.280225
3.631250 4.238870
3.631837 4.395519
3.615558 4.327772
3.618396 4.209636
3.622147 4.279435
3.606824 4.274251
3.617630 4.242150
3.600073 4.192088
3.602443 4.240832
3.609637 4.161012
3.600870 4.162345
3.598723 4.174277
3.604461 4.165860
3.594106 4.175421
3.593004 4.220537
3.579717 4.249725
3.590346 4.160417
3.574066 4.250906
3.591173 4.203760
3.580352 4.257224
3.572283 4.180450
3.580793 4.136019
3.581310 4.154830
3.569348 4.120884
3.556669 4.168869
3.567980 4.182674
3.563156 4.198429
3.565267 4.143427
3.550093 4.316760
3.571338 4.184022
3.560386 4.228812
3.560678 4.112554
3.559088 4.184595
3.561469 4.168229
3.543353 4.147995
3.550614 4.083153
3.542598 4.073752
3.542360 4.124491
3.540706 4.093149
3.539190 4.289290
3.537394 4.263404
3.547992 4.150051
3.533353 4.133216
3.534943 4.103935
3.524056 4.138696
3.540094 4.229674
3.526434 4.100085
3.526787 4.173076
3.517804 4.191369
3.527174 4.157922
3.522141 4.080543
3.521457 4.177456
3.512421 4.161988
3.518381 4.173175
3.505375 4.085718
3.520607 4.108998
3.515901 4.104003
3.520280 4.086330
3.509473 4.185977
3.509359 4.253469
3.504059 4.065299
3.513018 4.057235
3.512287 4.201717
3.511222 4.164294
3.496158 4.184887
3.496690 4.077459
3.494118 4.012023
3.491058 4.153864
3.494977 4.137927
3.481363 4.092621
3.482295 4.147977
3.497712 4.017133
3.491580 4.042497
3.482512 4.003873
3.483812 4.091148
3.496517 4.068235
3.487682 4.018222
3.473461 4.086484
3.485042 3.954910
3.482968 3.980122
3.467343 4.155502
3.474192 3.983805
3.466645 3.980880
3.471585 4.111940
3.464453 3.980893
3.460935 3.993220
3.465273 3.942674
3.462245 3.953554
3.458058 4.105361
3.455836 4.025473
3.448821 3.968060
3.472597 4.109338
3.451237 4.108532
3.462228 4.015363
3.448861 3.976433
3.455122 4.066143
3.456226 3.955132
3.448870 3.970636
3.456008 4.163738
3.459441 3.991791
3.450370 4.102900
3.454625 3.977030
3.453697 3.992540
3.440801 3.950268
3.438240 3.921117
3.451047 3.933613
3.436134 4.059716
3.463121 3.988473
3.448271 3.982586
3.445685 3.971214
3.441192 4.110949
3.452143 4.053027
3.446822 4.087700
3.448743 4.094028
3.452111 3.974843
3.442651 3.990852
3.453280 4.039145
3.427652 3.971840
3.442923 3.977939
3.431896 3.961001
3.444440 4.037758
3.430953 4.016035
3.431026 4.017838
3.433628 3.951375
3.443196 3.944938
3.431458 3.951327
3.426991 4.045611
3.441446 4.106972
3.436934 3.943783
3.428222 4.014922
3.436260 4.014788
3.434207 4.007041
3.431012 3.994475
3.443603 4.069965
3.434243 4.018909
3.435002 4.034560
3.426823 3.993716
3.439455 3.931799
3.434145 4.017598
3.422877 3.986493
3.438632 3.972762
3.428864 3.995020
3.434611 3.957898
3.416962 4.022272
3.433394 4.012198
3.424070 4.089911
3.429568 3.892826
3.410174 3.971105
3.424300 3.985484
3.423337 4.005970
3.420368 4.011735
3.418447 3.963030
