32.458941 18.639278
18.029716 16.596769
15.498074 14.381827
13.272420 12.466084
11.450235 11.033785
10.224652 10.076824
9.531374 9.621980
9.149641 9.249605
8.871226 8.948815
8.580742 8.673870
8.388728 8.500866
8.201661 8.189017
8.014353 8.048951
7.884851 7.929069
7.636182 7.705648
7.510762 7.635689
7.412291 7.520834
7.269871 7.405271
7.194600 7.337231
7.112915 7.159389
6.960759 7.132125
6.917321 7.080256
6.878277 7.096588
6.841675 7.046629
6.804540 7.023060
6.785028 7.000276
6.752302 6.933494
6.628704 6.609133
6.489842 6.539027
6.395626 6.476773
6.351703 6.455859
6.319687 6.426262
6.309264 6.437016
6.302828 6.448697
6.279995 6.361044
6.225219 6.317873
6.129233 6.290743
6.094782 6.270536
6.095577 6.256414
6.079439 6.254696
6.058019 6.233766
6.052389 6.184088
6.020519 6.138990
5.978406 6.095879
5.917609 6.027888
5.873447 6.030912
5.825587 5.934692
5.756202 5.849249
5.706404 5.807693
5.653338 5.687371
5.577198 5.631646
5.536607 5.573020
5.478318 5.486077
5.428173 5.459073
5.396889 5.424177
5.382608 5.408515
5.380725 5.409544
5.351446 5.379083
5.266546 5.264218
5.188115 5.191931
5.127008 5.117949
4.935987 4.983619
4.841785 4.938255
4.823167 4.937826
4.809566 4.919382
4.753343 4.875779
4.704051 4.856144
4.687887 4.865883
4.679072 4.849410
4.656971 4.823683
4.618835 4.802595
4.597058 4.789455
4.581997 4.752470
4.574613 4.732449
4.545172 4.704266
4.508985 4.670045
4.464446 4.598727
4.423685 4.580970
4.411097 4.575974
4.409021 4.611275
4.407501 4.578782
4.381401 4.548910
4.350438 4.518604
4.337647 4.511591
4.332841 4.518663
4.326427 4.501645
4.332172 4.511835
4.327621 4.507335
4.328576 4.528910
4.320640 4.483775
4.309597 4.492205
4.299196 4.486777
4.305040 4.477636
4.290185 4.446262
4.255471 4.422956
4.243495 4.405452
4.234108 4.396426
4.224965 4.399488
4.230344 4.390112
4.224416 4.402654
4.227991 4.396553
4.229983 4.393804
4.222889 4.389914
4.226125 4.414909
4.222196 4.409626
4.227755 4.396603
4.221597 4.426357
4.222495 4.392379
4.226215 4.390634
4.223195 4.404469
4.223576 4.409411
4.220773 4.398530
4.223090 4.402699
4.226543 4.411421
4.222867 4.395172
4.221502 4.407658
4.224138 4.391806
4.222965 4.401599
4.224354 4.398557
4.224256 4.389563
4.222875 4.394586
4.223968 4.390516
4.226150 4.407467
4.222785 4.405737
4.219512 4.406897
4.215981 4.380824
4.193765 4.398745
4.185567 4.377091
4.169813 4.226560
4.066737 4.188420
4.049643 4.163266
4.048209 4.171511
4.049621 4.167269
4.045449 4.178163
4.049349 4.200049
4.047980 4.158004
4.049228 4.160438
4.052632 4.155443
4.045600 4.158530
4.043235 4.156477
4.045310 4.169594
4.036438 4.149477
4.035604 4.203611
4.037344 4.142690
4.041692 4.141855
4.037232 4.153375
4.038616 4.131980
4.038280 4.147632
4.034649 4.139649
4.034178 4.143997
4.038238 4.177542
4.035367 4.137693
4.027576 4.129154
4.000537 4.116832
3.997094 4.119593
3.985663 4.121272
3.980811 4.106561
3.972302 4.106016
3.976655 4.094750
3.969462 4.098213
3.970276 4.090703
3.970664 4.092778
3.968086 4.091657
3.966152 4.096836
3.967852 4.111931
3.965256 4.096532
3.964450 4.092248
3.974147 4.112533
3.965197 4.105908
3.970630 4.110693
3.970665 4.088585
3.971279 4.134871
3.962790 4.115777
3.966582 4.095801
3.967388 4.092182
3.780741 3.990830
3.712878 3.993142
3.693637 3.977500
3.693249 3.992553
3.687245 4.011049
3.688893 3.975209
3.692543 3.972355
3.692813 3.979701
3.684885 3.999708
3.694275 3.985744
3.688756 4.001131
3.686732 3.989281
3.686668 3.953490
3.679570 3.979075
3.680298 3.957893
3.679133 3.959448
3.674057 3.973873
3.674605 3.973371
3.674881 3.957872
3.671829 3.951149
3.671747 3.960234
3.658820 3.978808
3.664846 3.966197
3.663084 3.968220
3.659359 3.961137
3.658143 3.972553
3.661374 3.980927
3.656861 3.956560
3.643905 3.970785
3.639107 3.962781
3.643246 3.949426
3.639106 3.951427
3.640430 3.955469
3.641648 3.963019
3.638737 3.956567
3.641275 3.955072
3.637545 3.961202
3.640008 3.948920
3.641004 3.959116
3.635944 3.954450
3.640083 3.957207
3.642118 3.946746
3.640051 3.953774
3.637718 3.971155
3.641452 3.963814
3.638897 3.981961
3.641845 3.967653
3.635480 3.952480
3.640492 3.957829
3.639119 3.966372
3.635367 3.946854
3.636156 3.939878
3.637128 3.937024
3.635933 3.940259
3.635994 3.975986
3.634635 3.955882
3.636531 3.938941
3.635261 3.954059
3.640191 3.940148
3.635819 3.959960
3.632587 3.937755
3.637653 3.938858
3.632959 3.935094
3.639598 3.934302
3.636208 3.953091
3.636453 3.946359
3.634139 3.955714
3.636247 3.967751
3.636148 3.945953
3.632712 3.948843
3.631949 3.942959
3.634530 3.942933
3.629587 3.939150
3.634128 3.939038
3.636292 3.961151
3.632251 3.955524
3.636294 3.938601
3.629861 3.953391
3.633799 3.956782
3.636740 3.945743
3.632889 3.956995
3.636488 3.944064
3.634910 3.954869
3.632075 3.939748
3.638251 3.951808
3.632529 3.951729
3.639691 3.947475
3.636223 3.940673
3.632318 3.947197
3.638317 3.951058
3.634385 3.944571
3.635867 3.952022
3.631481 3.938215
3.631267 3.973265
3.630317 3.946762
3.634119 3.964292
3.631206 3.946703
3.637786 3.958811
3.635929 3.935659
3.632359 3.946642
3.631243 3.934464
3.630844 3.937773
3.634745 3.940482
3.634200 3.943659
3.626596 3.930956
3.636929 3.945462
3.631784 3.947538
3.637369 3.943856
3.631624 3.935256
3.635883 3.941629
3.629401 3.960532
3.637550 3.963762
3.631596 3.944792
3.629142 3.961897
3.631977 3.936918
3.628690 3.944219
3.629093 3.953254
3.631773 3.947973
3.631381 3.945643
3.638346 3.970906
3.635547 3.933140
3.631642 3.946507
3.631512 3.950662
3.626313 3.939892
3.633415 3.953491
