59.842759 10.256867
6.913439 7.363872
5.283969 5.995537
4.598890 5.512918
4.305169 5.317225
4.199742 5.227871
4.162277 5.177521
4.135671 5.192822
4.118130 5.115817
4.098611 5.077173
4.111035 5.110152
4.099379 5.087087
4.077298 5.041995
4.058284 5.021299
4.042563 5.021830
4.027177 4.940174
4.013786 4.883520
3.987621 4.865556
3.993358 4.876935
3.961441 4.816673
3.949292 4.906856
3.919918 4.893384
3.900111 4.914116
3.867064 4.862788
3.862077 4.711573
3.821714 4.666378
3.794322 4.614701
3.772351 4.646708
3.740260 4.683492
3.701600 4.571569
3.692753 4.671136
3.641039 4.508930
3.576950 4.394827
3.543826 4.374688
3.489856 4.200761
3.443433 4.184818
3.423365 4.220500
3.390250 4.091209
3.324329 4.103288
3.330984 4.118707
3.264181 4.119315
3.237916 4.002924
3.215229 3.948141
3.163332 4.008256
3.135578 3.885587
3.111557 3.833923
3.046367 3.823341
3.004223 3.743636
2.970621 3.678129
2.940228 3.750390
2.916090 3.665658
2.867699 3.549609
2.860503 3.515717
2.818616 3.553999
2.812690 3.561105
2.795257 3.440219
2.775946 3.476871
2.748221 3.405798
2.705747 3.431097
2.674772 3.333622
2.680553 3.271420
2.662301 3.376033
2.625134 3.333558
2.594861 3.401451
2.596701 3.180328
2.550495 3.235710
2.550099 3.231996
2.521478 3.069446
2.491591 3.098138
2.491998 3.219825
2.459631 3.071906
2.458454 2.958274
2.410618 3.101151
2.415143 2.996637
2.389461 3.153675
2.400808 2.878567
2.363414 2.892873
2.360482 2.895077
2.326858 2.851975
2.332535 2.925017
2.292898 2.973151
2.307609 2.934180
2.293788 2.880758
2.274020 2.861677
2.293612 2.879661
2.263253 2.954320
2.275331 2.761718
2.249325 2.864803
2.263929 2.812145
2.239642 2.875542
2.243520 2.829222
2.236841 2.807235
2.234133 2.767032
2.219282 2.787010
2.197031 2.823487
2.205716 2.895009
2.226407 2.720324
2.198664 2.726326
2.202434 2.831656
2.195454 2.805228
2.205921 2.717409
2.192853 2.678907
2.205572 2.720103
2.179358 2.746723
2.182724 2.697049
2.193078 2.837700
2.166439 2.790825
2.175821 2.674218
2.185625 2.806033
2.161226 2.675867
2.170182 2.736786
2.175272 2.671221
2.164051 2.718645
2.188146 2.793571
2.166578 2.728823
2.161786 2.748907
2.171190 2.815451
2.169969 2.766022
2.169880 2.864241
2.197521 2.726957
2.174032 2.674163
2.170728 2.785797
2.159786 2.691866
2.176455 2.660846
2.166289 2.633673
2.153598 2.620748
2.150859 2.692289
2.138765 2.701472
2.145003 2.664956
2.144963 2.624297
2.134594 2.610425
2.161548 2.764796
2.151721 2.782927
2.167152 2.687597
2.133093 2.739273
2.127369 2.723706
2.151884 2.629605
2.126158 2.758782
2.141759 2.648859
2.124262 2.628281
2.113761 2.575370
2.117777 2.590023
2.126604 2.649779
2.137965 2.760258
2.107159 2.594415
2.145393 2.637636
2.109974 2.638098
2.110710 2.666957
2.102130 2.738473
2.112770 2.565317
2.104908 2.603581
2.144969 2.547969
2.116466 2.509189
2.109085 2.610836
2.141112 2.535712
2.101422 2.695326
2.131042 2.846764
2.146718 2.616194
2.117837 2.663162
2.122834 2.748598
2.109799 2.607123
2.089204 2.611969
2.120284 2.630034
2.107391 2.609329
2.114067 2.744463
2.112459 2.569711
2.117521 2.569830
2.111773 2.629721
2.124197 2.760193
2.130862 2.640356
2.106846 2.637110
2.109976 2.785490
2.107381 2.592041
2.098796 2.570062
2.111017 2.633952
2.110276 2.484924
2.119726 2.588832
2.109924 2.854148
2.114119 2.650448
2.126594 2.606099
2.111803 2.707390
2.114465 2.614104
2.100262 2.656762
2.119849 2.602480
2.073907 2.575927
2.112115 2.633093
2.110810 2.615731
2.135658 2.620438
2.117897 2.586121
2.128838 2.562651
2.117044 2.612251
2.095582 2.611749
2.107959 2.667543
2.098478 2.638808
2.096756 2.562651
2.092947 2.845229
2.126817 2.637000
2.092374 2.563805
2.103886 2.542432
2.098679 2.495432
2.091074 2.610203
2.089922 2.560369
2.078295 2.539039
2.119963 2.532066
2.095744 2.589938
2.102125 2.632704
2.089141 2.523680
2.089693 2.496638
2.087957 2.609365
2.081761 2.696631
2.061708 2.639653
2.108075 2.551340
2.073758 2.596531
2.111169 2.777253
2.098670 2.615123
2.093900 2.540279
2.085754 2.721822
2.099910 2.656530
2.090926 2.654023
2.096901 2.545705
2.105574 2.585628
2.088402 2.692193
2.099956 2.659594
2.106015 2.461878
2.067978 2.672859
2.091468 2.518664
2.074511 2.567855
2.059961 2.644997
2.088087 2.695671
2.105297 2.702026
2.085541 2.533622
2.117364 2.638064
2.106294 2.558227
2.070172 2.579167
2.098884 2.531842
2.095000 2.617999
2.080691 2.592007
2.091515 2.536253
2.103563 2.595815
2.094748 2.660213
2.106601 2.528251
2.069118 2.705768
2.083782 2.674448
2.059826 2.522166
2.084875 2.502645
2.110229 2.678112
2.058028 2.528014
2.088885 2.602343
2.071216 2.619906
2.109954 2.581356
2.092310 2.646787
2.082393 2.554763
2.098339 2.655472
2.104573 2.632657
2.078480 2.555038
2.079452 2.559012
2.067321 2.587470
2.084494 2.700477
2.095686 2.607424
2.068099 2.596448
2.081904 2.572799
2.088487 2.678717
2.115820 2.804564
2.105578 2.746913
2.088697 2.620001
2.087503 2.561024
2.073932 2.579488
2.091176 2.629597
2.071738 2.692479
2.103862 2.589985
2.113398 2.572172
2.067027 2.570097
2.110187 2.509017
2.064691 2.504941
2.094242 2.567559
2.074327 2.555817
2.077632 2.607909
2.074900 2.622332
2.082800 2.573123
2.100023 2.535503
2.090918 2.569293
2.102749 2.554093
2.085126 2.571553
2.093795 2.534078
2.092068 2.684097
2.105114 2.519630
2.083436 2.615599
2.119333 2.542962
2.101494 2.510441
2.090667 2.570205
2.070811 2.575266
2.101106 2.527387
2.104073 2.605015
2.072006 2.567080
2.077985 2.684052
2.110758 2.597394
2.084832 2.596713
2.091806 2.613262
2.087556 2.503940
2.066317 2.548138
