69.510717 13.245489
9.168435 10.347849
7.242149 8.874146
6.455897 8.136689
6.029417 7.880639
5.844762 7.644451
5.736173 7.441472
5.672770 7.460794
5.634271 7.338078
5.592449 7.315933
5.599756 7.153769
5.569383 7.113373
5.565728 7.115522
5.542005 7.024833
5.503526 7.092782
5.503026 6.957579
5.461849 6.861102
5.426750 6.771022
5.412748 6.946435
5.381592 6.810623
5.394123 6.921548
5.341440 6.871774
5.313369 6.767134
5.277448 6.681267
5.248772 6.638075
5.179086 6.591788
5.145488 6.678628
5.117959 6.530185
5.098808 6.447437
5.091076 6.484920
4.993911 6.394349
4.974528 6.303023
4.957378 6.292002
4.877764 6.265597
4.833748 6.228732
4.806056 6.079986
4.735656 6.105442
4.664363 5.903159
4.626670 5.835865
4.583324 5.839203
4.544664 5.775599
4.467173 5.778952
4.442144 5.676270
4.402837 5.642117
4.410990 5.549440
4.346913 5.495372
4.308651 5.484177
4.251747 5.481806
4.296820 5.438248
4.231634 5.403475
4.186937 5.383666
4.160069 5.423109
4.126047 5.359575
4.094715 5.244915
4.051162 5.265583
4.065965 5.330142
4.009596 5.199045
3.971948 5.231732
3.962309 5.101699
3.934026 5.097938
3.913803 4.975938
3.901170 5.003710
3.888126 4.942405
3.886798 4.978556
3.852641 4.955446
3.856625 4.940058
3.831554 4.974836
3.807058 4.836061
3.794035 4.814219
3.792093 4.787866
3.758907 4.737339
3.739237 4.738270
3.749087 4.771147
3.715836 4.739533
3.691479 4.736262
3.696118 4.679869
3.688049 4.793094
3.656678 4.660991
3.651483 4.640505
3.609670 4.637294
3.580974 4.529403
3.558996 4.505057
3.538470 4.568232
3.538464 4.501561
3.519477 4.507075
3.522035 4.548520
3.500032 4.455263
3.473110 4.474110
3.467624 4.477707
3.461071 4.491407
3.445130 4.518032
3.427701 4.515855
3.430626 4.400927
3.414134 4.368604
3.387199 4.407954
3.397047 4.372822
3.373648 4.300172
3.363364 4.337598
3.349978 4.379765
3.325001 4.385476
3.315799 4.418649
3.300290 4.257422
3.253643 4.180549
3.244848 4.190825
3.223861 4.199030
3.196004 4.133333
3.188090 4.135509
3.165208 4.139015
3.161517 4.058228
3.134432 4.079460
3.131957 4.010193
3.123499 4.066071
3.121181 4.058357
3.085653 3.931321
3.088577 3.913115
3.073779 3.981318
3.080312 3.949408
3.054084 4.094719
3.072093 3.965771
3.071875 4.003881
3.072606 3.996837
3.040431 3.903862
3.040545 3.971215
3.055639 3.921521
3.032860 3.918195
3.039338 3.911501
3.042403 3.913679
3.041274 3.943613
3.033952 3.908742
3.014954 3.892497
3.007326 3.881637
3.010641 3.891467
3.018999 3.852037
3.005606 3.953863
3.005344 3.871253
3.018200 3.844868
2.985219 3.918274
2.995770 3.972231
2.994153 3.868905
2.990318 3.880840
2.970017 3.856828
2.985625 3.837249
2.987027 3.848681
2.974114 3.890767
2.992382 3.937371
2.973510 3.836829
2.950216 3.868958
2.973643 4.092221
2.981918 3.894295
2.960139 3.839128
2.938745 3.814648
2.963937 3.794518
2.943921 3.834827
2.945231 3.800109
2.949980 3.808180
2.948184 3.748286
2.933318 3.994556
2.918879 3.761702
2.913642 3.759888
2.922908 3.783239
2.908470 3.789979
2.894767 3.771436
2.910708 3.751851
2.905884 3.691084
2.900983 3.722715
2.894750 3.726806
2.890444 3.907339
2.884673 3.740338
2.868392 3.723893
2.876017 3.779168
2.861873 3.827016
2.857787 3.715693
2.866753 3.671200
2.855514 3.792478
2.851878 3.819714
2.848809 3.732465
2.830477 3.678272
2.819830 3.682796
2.839128 3.637426
2.814744 3.696684
2.826609 3.680946
2.801729 3.746394
2.811679 3.676353
2.816862 3.574015
2.780905 3.764026
2.817088 3.621945
2.803721 3.662813
2.776219 3.656690
2.785325 3.625324
2.793416 3.606015
2.785458 3.608624
2.774699 3.701706
2.779784 3.595752
2.782727 3.572088
2.747685 3.603869
2.777069 3.679354
2.756627 3.597920
2.760573 3.597197
2.774742 3.552909
2.752309 3.552626
2.755894 3.590711
2.753940 3.546595
2.766918 3.656253
2.742940 3.653477
2.744285 3.531577
2.738937 3.546709
2.768980 3.583051
2.759158 3.585961
2.744718 3.551527
2.741184 3.612417
2.751322 3.726368
2.761314 3.494550
2.729478 3.685158
2.760453 3.542900
2.752296 3.553894
2.742047 3.599378
2.772157 3.598490
2.749812 3.549509
2.761412 3.528765
2.747844 3.578362
2.736695 3.588304
2.741092 3.644592
2.747986 3.505422
2.741265 3.536033
2.728021 3.558887
2.746456 3.674989
2.744018 3.546730
2.759904 3.584157
2.740778 3.590851
2.731718 3.573955
2.732607 3.576992
2.762280 3.522101
2.726032 3.596550
2.739699 3.554560
2.749356 3.606975
2.729852 3.513679
2.726765 3.528640
2.730585 3.552513
2.719154 3.545648
2.728172 3.562320
2.765980 3.562726
2.737864 3.527249
2.713796 3.528118
2.727981 3.580707
2.729512 3.619872
2.733400 3.645833
2.712804 3.489773
2.749721 3.523660
2.730087 3.612775
2.730693 3.620789
2.723938 3.566371
2.728312 3.539797
2.737727 3.685371
2.726080 3.619683
2.717909 3.597024
2.724585 3.557622
2.719409 3.492769
2.738422 3.548165
2.732880 3.558788
2.738805 3.526576
2.715925 3.590850
2.720427 3.519035
2.721706 3.501966
2.734923 3.506320
2.734393 3.525937
2.708929 3.529703
2.711890 3.520977
2.733640 3.541027
2.736332 3.535516
2.744627 3.541648
2.703004 3.514957
2.717375 3.550551
2.719899 3.523446
2.719022 3.636798
2.721541 3.555487
2.712432 3.619369
2.726046 3.581466
2.721050 3.520521
2.726347 3.542058
2.716768 3.594960
2.739912 3.576172
2.728344 3.565717
2.726577 3.529258
2.719140 3.543299
2.737632 3.588656
2.722193 3.570040
2.715144 3.528036
2.734809 3.535972
2.739184 3.560131
2.713542 3.596289
2.714498 3.540446
2.713122 3.555181
2.744410 3.548740
2.698371 3.630274
2.740195 3.489540
2.711672 3.626806
2.737235 3.550688
2.723238 3.538000
2.713735 3.540922
2.713132 3.596042
