43.454741 12.049861
8.515513 9.733644
7.725940 9.564721
7.617753 9.606628
7.510038 9.711939
7.510943 9.500666
7.440159 9.305931
7.447600 9.521646
7.420800 9.223722
7.364696 9.512947
7.438365 9.072075
7.391762 9.079327
7.383804 9.228119
7.352132 9.179477
7.329818 9.399619
7.377383 9.283564
7.355809 8.998971
7.290489 8.842210
7.312052 9.318236
7.299093 9.020975
7.305803 9.330172
7.293561 9.276555
7.281100 9.217492
7.278452 9.063810
7.275606 8.999791
7.178987 8.864270
7.158508 9.110492
7.183798 9.078922
7.209878 8.957535
7.404781 9.203307
7.147875 9.076712
7.199455 8.952618
7.211052 9.210019
7.160634 9.114614
7.174161 9.185729
7.238274 8.899559
7.169918 8.984848
7.135606 8.847158
7.229949 8.917665
7.234273 9.002974
7.203863 9.009731
7.122741 8.971950
7.140682 8.967426
7.123391 9.189458
7.245260 8.973735
7.150310 8.858795
7.141259 9.053147
7.125221 8.838715
7.260758 9.119002
7.141578 8.849286
7.168766 8.944328
7.168675 9.087290
7.150139 8.844545
7.166954 8.813037
7.076956 9.063788
7.203804 8.979949
7.152460 8.998112
7.166769 9.153890
7.151971 8.919238
7.117072 8.983487
7.158424 8.892449
7.138913 8.958361
7.154940 8.794917
7.183472 8.984911
7.137154 9.135211
7.149489 9.056616
7.149523 9.023819
7.118543 9.103390
7.151308 8.893230
7.203978 8.938700
7.145518 8.912683
7.083530 9.151845
7.219085 9.111120
7.133571 8.946852
7.079560 9.069132
7.080595 8.692506
7.155184 9.355503
7.202866 9.023747
7.236685 8.789968
7.098454 9.056904
7.085065 8.928322
7.105916 8.903075
7.119910 8.950839
7.111083 8.787646
7.125105 8.949791
7.123417 9.011117
7.138512 8.919380
7.082132 9.120813
7.148588 9.120664
7.181693 8.982499
7.139940 9.009187
7.089642 9.070757
7.184447 9.212314
7.095175 8.959532
7.153867 8.911454
7.160488 9.084937
7.143960 8.953998
7.076903 8.941432
7.124216 9.087227
7.133286 9.244364
7.144179 9.000514
7.199083 8.901617
7.069463 8.801860
7.097899 8.953440
7.102783 9.175038
7.095191 8.981380
7.121136 9.011835
7.106543 9.038463
7.114523 8.859414
7.124364 9.094404
7.079109 8.896392
7.136980 9.009863
7.235902 9.076583
7.120374 9.285707
7.143630 8.928520
7.164716 8.814888
7.097742 9.053173
7.073901 8.924275
7.061826 9.095989
7.138987 9.030923
7.127280 8.991096
7.128761 9.127830
7.086519 9.133375
7.097647 8.878192
7.208390 9.155669
7.067269 9.049616
7.121362 8.888408
7.164880 9.560463
7.143306 9.072995
7.160977 9.334796
7.106994 9.006336
7.105879 8.885036
7.094399 8.858068
7.062961 9.789019
7.153907 8.842635
7.241519 8.783515
7.092380 8.942860
7.164056 9.513262
7.152904 8.994534
7.120867 9.186155
7.052966 8.878110
7.091101 8.866092
7.120319 8.858063
7.059993 8.956998
7.044183 9.058545
7.068147 8.888638
7.087984 9.518633
7.115401 9.140528
7.064007 9.065362
7.096651 8.782455
7.048260 8.882996
7.091974 8.952529
7.041658 8.981575
7.102382 9.515849
7.131243 8.953980
7.118917 8.921898
7.035760 9.286665
7.104734 8.951908
7.064803 8.991261
7.034050 9.089750
7.028172 9.008677
7.080437 9.116092
7.077893 8.893271
7.108568 9.118577
7.114674 8.779423
7.075984 8.814315
7.066394 9.037983
7.050846 8.865058
7.062324 8.941664
7.101124 8.882795
7.069978 9.150884
7.059689 8.935532
7.045075 8.886924
7.051492 9.261909
7.042211 9.006558
7.045481 8.965043
7.054058 9.013905
7.067639 9.182653
7.105712 8.906229
7.141818 8.958805
7.073913 9.112652
7.065263 9.165086
7.127525 9.064368
7.030908 8.904087
7.019020 9.259576
7.042139 8.875880
7.016772 8.872526
7.028293 9.008672
7.090832 8.957566
7.102864 8.960649
7.064990 8.856441
7.029915 9.015643
7.064851 9.088305
7.080116 8.968126
7.070875 8.968419
7.060991 8.955248
7.026165 8.943038
7.012093 8.971522
7.059190 9.005577
7.075218 8.914449
7.022506 8.992094
7.053933 9.209101
7.067065 9.087299
7.014112 8.962361
6.988784 8.931828
7.036594 8.974146
7.064878 9.218852
7.082038 9.225104
7.036251 8.952436
7.023081 8.894247
7.063923 9.371949
7.060486 9.027966
7.036276 9.118542
7.025595 8.950096
7.035281 8.845453
7.017602 8.953814
7.117080 8.865141
6.992718 8.920601
7.045096 8.743934
7.016242 8.901361
7.003438 8.939219
6.986477 9.079135
7.077867 8.846016
6.983095 9.029507
7.027297 8.901848
7.026603 9.056595
7.018127 8.936393
7.066011 9.478414
7.084306 9.022846
7.018413 8.876507
6.986436 8.966259
7.055583 8.919981
7.000893 8.835532
7.038447 9.124372
7.075654 9.162153
7.036309 8.999330
7.024043 8.821368
7.019496 8.976046
7.006406 8.984970
6.987850 8.821578
7.110998 9.045039
7.059588 8.958204
7.024846 8.999967
7.029582 8.913884
6.992905 8.935639
7.054581 8.964053
6.986866 8.937181
7.098681 8.946859
7.010055 8.934052
7.052370 9.388829
7.020229 8.976408
6.990146 9.110635
7.084936 8.943536
6.974687 9.008559
6.996227 9.191333
7.016378 8.987967
6.966731 8.949097
7.068921 8.979879
7.063146 9.146001
7.002762 8.920367
6.986201 9.045711
7.027092 8.888037
7.026776 8.868165
7.023977 8.863723
7.022281 8.919710
6.984599 8.867228
7.001110 8.882460
6.996956 8.976356
7.026423 8.911869
6.997196 9.029765
6.995664 9.019190
6.971138 9.003674
7.002566 8.876965
6.971811 8.968131
6.990260 8.958472
7.013912 8.975237
7.013057 9.005556
7.027632 8.920773
6.978383 8.828549
6.981582 8.839167
7.029054 9.014348
7.012009 8.980485
6.996075 8.952951
7.011959 8.983624
7.005478 8.916680
6.981146 8.891365
6.998246 8.929382
7.044661 8.920760
7.001764 8.978308
6.981805 9.091817
7.051832 9.005422
7.001705 8.933189
7.004535 9.185831
7.003991 9.043219
7.006176 8.973126
6.998500 8.999586
6.971769 9.031379
7.006543 8.992925
6.971959 9.096728
7.024105 8.899786
