36.881156 8.141063
5.692074 6.814332
5.074353 6.498885
5.047445 6.424052
4.998203 6.700649
4.993920 6.642239
5.047648 6.675679
5.036902 6.576305
4.987577 6.477099
4.989950 6.457073
4.999970 6.778911
5.014591 6.335063
5.052660 6.896538
5.076637 6.915388
4.996424 6.682341
5.003213 6.350618
5.020919 6.298298
4.986543 6.257754
5.062058 6.344834
5.017513 6.595559
4.989861 6.581516
4.995487 6.368261
5.069926 6.477991
4.979391 6.621264
5.031923 6.702105
4.960228 6.678286
4.963889 6.350505
4.957330 6.408825
4.966092 6.450441
4.937546 6.419684
5.082527 6.591774
5.015629 6.444395
4.987940 6.425155
4.962871 6.582156
4.971910 6.326891
4.978499 6.334983
5.012920 6.413363
4.983269 6.555423
4.952329 6.535139
5.034781 6.604444
4.959322 6.673981
4.992298 6.439961
4.982744 6.766529
4.981391 6.501604
4.949856 6.405070
5.003663 6.367952
4.904278 6.559074
4.946225 6.442339
4.945556 6.647290
4.958940 6.466363
4.951530 6.826955
4.924625 6.373660
4.957957 6.445050
4.923997 6.438265
5.039979 6.884183
4.957554 6.432236
4.958818 6.406908
4.969319 6.438826
4.906497 6.526482
4.929803 6.614601
4.985110 6.420270
4.999598 6.481590
4.877876 6.831950
4.928047 7.770630
4.960842 6.518650
4.967376 6.521406
5.023827 6.469664
4.968951 6.710299
4.933514 6.453020
4.947574 6.475304
4.961168 6.486768
4.960391 6.336544
4.961573 6.620965
4.911222 6.502903
4.934777 6.719466
4.937757 6.430715
4.950267 6.508202
4.942462 6.385821
4.886049 6.557301
4.948877 6.616292
4.899122 6.388108
4.915436 6.355078
4.930648 6.406504
4.922232 6.294376
4.924117 6.443206
4.937509 6.434763
4.972528 6.369227
4.920140 6.392225
4.963661 6.570166
4.949604 6.332873
4.984659 6.388237
4.919715 6.323819
4.973260 6.642329
4.880390 6.393831
4.893364 6.345446
4.919583 6.597932
4.941992 6.321762
4.872421 6.308154
4.920792 6.345420
4.917013 6.654405
4.903427 6.501689
4.950957 7.025588
4.940772 6.291554
4.900502 6.438242
4.913082 6.522288
4.877235 6.752964
4.947533 6.497574
4.926594 6.548116
4.931023 6.398992
4.887919 6.573359
4.922512 6.407993
4.960803 6.391987
4.961881 7.101049
4.953311 6.878476
4.915966 6.373621
4.917443 6.439764
4.901173 6.409765
4.929895 6.365877
4.925820 6.383955
4.862801 6.460206
4.949342 6.589060
4.867363 6.599387
4.914767 6.348428
4.913468 6.436483
4.901526 6.425721
4.938092 6.764830
4.915124 6.322952
4.936055 6.390474
4.886800 6.364326
4.926464 6.432619
4.919682 6.350656
4.936004 6.544237
4.893823 6.522567
4.940586 6.380842
4.918444 6.426842
4.904151 6.324251
4.878150 6.425707
4.901550 6.406291
4.847866 6.418268
4.890354 6.353201
4.853250 6.330173
4.927971 6.357264
4.926333 6.679955
4.974635 6.378229
4.886236 6.396996
4.955389 6.387895
4.902639 6.415394
4.936168 6.414861
4.877645 6.507149
4.924183 6.394562
4.872808 6.429679
4.880380 6.448263
4.883902 6.337379
4.920702 6.864642
4.890124 6.327064
4.849851 6.514731
4.895166 6.438871
4.882242 6.590375
4.872721 6.419402
4.862962 6.507673
4.934944 6.486898
4.852005 6.412178
4.878961 6.404915
4.900352 6.399312
4.894036 6.364048
4.839873 6.473922
4.863059 6.389755
4.876862 6.366681
4.904161 6.666479
4.923609 6.450437
4.878883 6.406167
4.850226 6.588358
4.866280 6.499269
4.886704 6.366160
4.872040 6.413650
4.909440 6.418965
4.883370 6.374242
4.946807 6.349146
4.885878 6.675346
4.912307 6.438521
4.930213 6.404323
4.913926 6.409450
4.854987 6.339434
4.884391 6.813291
4.873628 6.402612
4.845219 6.359365
4.846447 6.867624
4.876344 6.526839
4.873995 6.478402
4.929143 6.659077
4.859591 6.391955
4.844995 6.437447
4.872294 6.425312
4.834614 6.914334
4.883414 6.357296
4.878990 6.671803
4.844028 6.364705
4.916663 6.947698
4.852594 6.366166
4.840501 6.719452
4.853964 6.510324
4.892367 6.917254
4.857485 6.348172
4.882776 6.361497
4.852879 6.559259
4.880675 6.459921
4.853815 6.610752
4.875125 6.318439
4.869405 6.428585
4.928950 6.456849
4.843409 6.462871
4.876411 6.446043
4.856173 6.441573
4.846364 6.816796
4.857728 6.444682
4.823280 6.469790
4.864664 6.463609
4.873793 6.666241
4.847589 6.426094
4.853905 6.400364
4.844632 6.473436
4.986526 6.350187
4.881151 6.618294
4.894256 6.339953
4.833238 6.466514
4.873973 6.517918
4.860384 6.459288
4.858032 6.609396
4.871916 6.887018
4.835076 6.528978
4.857392 6.389766
4.915556 6.486158
4.877301 6.430333
4.830082 6.448859
4.878897 6.429354
4.896542 6.437074
4.843836 6.390708
4.865920 6.358720
4.874918 6.761726
4.882309 6.411581
4.874775 6.408969
4.941035 6.426597
4.893746 6.563643
4.866420 6.540653
4.818985 6.393270
4.890783 6.430058
4.885427 6.401718
4.896424 6.351580
4.846741 6.832672
4.844350 6.466503
4.863634 6.573365
4.823768 6.426206
4.864611 6.646265
4.836344 6.396685
4.828085 6.425935
4.841880 6.451832
4.847633 6.349456
4.855354 6.357316
4.851674 6.415105
4.873034 6.704309
4.816924 6.433726
4.865735 6.392801
4.833420 6.845926
4.870564 7.197138
4.870219 6.381905
4.862872 6.348179
4.872765 6.486961
4.859022 6.496620
4.838218 6.501204
4.872637 6.579224
4.860983 6.405262
4.820355 6.619396
4.887124 6.413420
4.850695 6.415267
4.842225 6.701190
4.834356 6.398081
4.871133 6.345697
4.861227 6.412156
4.841204 6.496554
4.820542 6.362345
4.916454 6.371393
4.854898 6.347250
4.860353 6.410975
4.821267 6.391629
4.853466 6.371807
4.818066 6.420089
4.814314 6.862079
4.868981 6.504872
4.868661 6.455015
4.827300 6.414334
4.818060 6.628087
4.824584 6.355113
4.870888 6.412992
4.807453 6.427918
4.878171 6.321954
4.811622 6.835860
4.902638 6.553881
4.829023 6.395544
4.902536 6.363922
4.787521 6.487002
