37.461777 11.875822
9.947927 8.965607
7.546821 7.956547
6.655761 7.511395
6.315451 7.261194
6.143540 7.135469
6.042597 7.002774
5.996793 6.981066
5.929396 6.890336
5.925556 6.869395
5.909552 6.768107
5.836350 6.754463
5.809038 6.668054
5.801363 6.633274
5.738008 6.619032
5.738890 6.583162
5.685765 6.575760
5.643157 6.491592
5.590203 6.531322
5.604231 6.408227
5.568071 6.441038
5.548882 6.441753
5.514515 6.358544
5.460957 6.341808
5.464947 6.300191
5.418911 6.257760
5.382562 6.242195
5.354160 6.201612
5.314191 6.149220
5.283141 6.100740
5.256688 6.043785
5.202366 6.006292
5.172194 5.944456
5.115360 5.864791
5.092401 5.823686
5.045064 5.794977
4.997662 5.781757
4.989697 5.741612
4.981830 5.679093
4.903664 5.684908
4.897807 5.642823
4.870933 5.609842
4.865094 5.630370
4.814409 5.596040
4.795879 5.496792
4.784448 5.562621
4.716388 5.455893
4.681605 5.382950
4.661558 5.316464
4.622774 5.341800
4.615436 5.272687
4.580544 5.245994
4.561567 5.232782
4.517545 5.114570
4.457918 5.114402
4.413594 4.999344
4.373689 4.990480
4.357084 5.029777
4.350730 4.951017
4.295190 4.898473
4.269072 4.889896
4.257806 4.926228
4.229739 4.980546
4.221167 4.840293
4.193112 4.928085
4.159625 4.830467
4.139140 4.848666
4.120529 4.802845
4.120618 4.784572
4.077794 4.752852
4.059579 4.707560
4.043352 4.711011
4.027188 4.758758
4.010162 4.654655
4.016652 4.667602
3.990383 4.661841
3.970342 4.697585
3.959734 4.574579
3.942414 4.617706
3.937993 4.559442
3.916570 4.580558
3.903856 4.535349
3.917695 4.520265
3.886187 4.518839
3.890040 4.518497
3.879686 4.572555
3.874778 4.498046
3.857813 4.450431
3.858494 4.484592
3.849831 4.436216
3.840098 4.427063
3.827091 4.527636
3.838117 4.413673
3.808602 4.403172
3.795949 4.408978
3.802481 4.350870
3.785886 4.369565
3.798756 4.326648
3.767308 4.338294
3.763880 4.311079
3.757058 4.294739
3.754086 4.317357
3.751430 4.289303
3.745126 4.252043
3.737132 4.206818
3.731665 4.284535
3.714907 4.200939
3.692988 4.204446
3.694919 4.210088
3.689715 4.155627
3.696113 4.201579
3.673320 4.098412
3.666230 4.108105
3.670041 4.135760
3.646555 4.101127
3.650342 4.081952
3.633744 4.066498
3.628370 4.003973
3.624430 4.081097
3.615040 4.030540
3.607365 4.050774
3.607993 3.987405
3.582140 4.007030
3.600754 4.066266
3.580935 4.028604
3.571067 4.090585
3.578494 3.962604
3.577089 3.964256
3.572962 3.973635
3.575174 3.991845
3.566776 3.993356
3.566427 3.979010
3.553487 3.998113
3.555995 4.003356
3.548331 3.950244
3.543408 3.929541
3.539974 3.957182
3.536532 3.980481
3.539514 4.020202
3.554581 4.032697
3.533260 4.006943
3.542858 3.947659
3.534469 3.928617
3.533794 3.951535
3.522571 3.959371
3.535736 3.952111
3.516381 3.950362
3.518152 3.946024
3.519335 3.978086
3.509289 3.920352
3.514739 4.057483
3.522792 3.952302
3.501954 4.014838
3.511333 3.931542
3.505323 3.943599
3.505879 3.918646
3.513204 3.898277
3.497707 3.934459
3.496801 3.944225
3.500538 3.948871
3.478607 3.977654
3.498586 3.943183
3.494029 3.952716
3.490715 3.928597
3.486945 3.902212
3.501390 3.887407
3.489133 3.916234
3.473578 3.889461
3.503852 3.891185
3.477164 3.904845
3.486084 3.866976
3.464489 3.853016
3.469899 3.873671
3.477761 3.894539
3.457854 3.924666
3.469502 3.850850
3.464777 3.884789
3.463679 3.920076
3.447744 3.845523
3.462373 3.905507
3.446015 3.819479
3.468766 3.901928
3.439100 3.844781
3.444571 3.890881
3.438673 3.824380
3.453259 3.869916
3.446964 3.858303
3.450188 3.881629
3.435468 3.819651
3.443758 3.865220
3.436467 3.836866
3.450674 3.856135
3.428352 3.850303
3.425898 3.841028
3.429122 3.811698
3.433112 3.843914
3.457067 3.843190
3.431847 3.889690
3.418938 3.822738
3.432574 3.881057
3.414568 3.864271
3.413177 3.857175
3.423290 3.781732
3.426976 3.804354
3.411161 3.862244
3.411826 3.834057
3.407700 3.847960
3.417527 3.856625
3.400911 3.802127
3.409314 3.859741
3.413324 3.856168
3.389975 3.780840
3.391930 3.840958
3.392981 3.827440
3.393122 3.815869
3.398748 3.798868
3.400122 3.785171
3.394430 3.755613
3.395730 3.799244
3.389588 3.757150
3.392999 3.897948
3.385125 3.809291
3.374876 3.771228
3.377604 3.857415
3.411313 3.822520
3.373240 3.779723
3.395235 3.815339
3.383970 3.760630
3.379537 3.818809
3.393503 3.809009
3.389003 3.740985
3.379294 3.755205
3.378307 3.729596
3.372850 3.754646
3.366983 3.753771
3.364559 3.763941
3.381869 3.731548
3.374711 3.740798
3.366689 3.737729
3.380455 3.742429
3.360855 3.780606
3.353699 3.757154
3.355852 3.728495
3.371637 3.765998
3.363238 3.714651
3.370390 3.734507
3.355523 3.772469
3.347945 3.753773
3.352938 3.791178
3.349517 3.789401
3.366747 3.773355
3.357531 3.732575
3.345993 3.781707
3.356834 3.785094
3.349026 3.739665
3.349379 3.744223
3.355328 3.717255
3.352250 3.712183
3.347631 3.713897
3.366513 3.784522
3.340684 3.763454
3.339441 3.737738
3.347142 3.732388
3.341266 3.749810
3.344986 3.695729
3.341510 3.721303
3.329151 3.710972
3.352539 3.799467
3.349226 3.678906
3.351490 3.799237
3.339682 3.673013
3.330954 3.730300
3.349734 3.758520
3.341043 3.681515
3.342115 3.837653
3.356535 3.704213
3.340802 3.717573
3.329993 3.652677
3.337171 3.682937
3.329882 3.683322
3.326488 3.681131
3.327490 3.682867
3.329240 3.725859
3.335398 3.659892
3.329496 3.666831
3.323972 3.704216
3.321292 3.662551
3.309562 3.669126
3.321764 3.716069
3.338721 3.626781
3.327228 3.750156
3.319866 3.714849
3.336246 3.658672
3.309561 3.686416
3.333200 3.620163
3.318471 3.704039
3.306134 3.545179
3.331264 3.544276
3.304571 3.664562
3.305320 3.654599
