39.719141 18.356709
14.224452 12.150756
10.524869 10.505440
9.119459 9.797853
8.324838 9.044897
7.715407 8.399454
7.174973 7.788092
6.714043 7.169628
6.302857 6.697672
5.931714 6.245719
5.652382 6.009887
5.473696 5.745292
5.307513 5.625417
5.191537 5.581139
5.110805 5.345395
5.011070 5.326275
4.948921 5.194188
4.902413 5.101335
4.832506 5.051363
4.785509 5.003116
4.741533 4.947229
4.711874 4.887287
4.653826 4.824842
4.623252 4.808579
4.558265 4.733171
4.538478 4.672173
4.484358 4.632482
4.465836 4.619245
4.435248 4.614253
4.377360 4.707782
4.390515 4.511049
4.357545 4.523326
4.329760 4.470659
4.338657 4.450159
4.272639 4.464867
4.240982 4.392198
4.233403 4.405462
4.206277 4.365874
4.174537 4.350844
4.179823 4.310258
4.137717 4.301891
4.142713 4.327673
4.121054 4.273279
4.111302 4.250344
4.076752 4.257671
4.075023 4.284985
4.063703 4.232342
4.044171 4.223248
4.019230 4.207603
4.004859 4.190346
3.972282 4.156787
3.961408 4.099325
3.933318 4.128327
3.919741 4.100560
3.918404 4.068734
3.892887 4.041621
3.877936 3.999068
3.864360 4.002735
3.849501 3.994782
3.852953 3.982748
3.827975 3.957673
3.815029 3.929508
3.780028 3.896447
3.754527 3.911295
3.735615 3.830550
3.706877 3.808988
3.694389 3.805700
3.692515 3.852645
3.662136 3.754507
3.648036 3.725200
3.638720 3.690618
3.612102 3.698173
3.600214 3.715396
3.580681 3.626819
3.582122 3.677765
3.567609 3.645112
3.556223 3.612349
3.550778 3.594269
3.537890 3.615857
3.557852 3.604754
3.543817 3.588306
3.527138 3.688113
3.519091 3.628225
3.530587 3.629435
3.509146 3.608783
3.492545 3.580050
3.494514 3.605076
3.495541 3.602297
3.508712 3.605869
3.483476 3.590191
3.505347 3.588065
3.466692 3.585637
3.469847 3.617027
3.474329 3.678097
3.466278 3.587607
3.469067 3.618302
3.457904 3.592484
3.448124 3.611197
3.444640 3.579124
3.440576 3.581110
3.427572 3.565115
3.434853 3.534224
3.426669 3.562624
3.409758 3.579401
3.408556 3.575669
3.394549 3.545089
3.389980 3.551118
3.378426 3.527416
3.390449 3.522401
3.372321 3.523076
3.359961 3.587635
3.352609 3.541147
3.351932 3.529583
3.348408 3.595031
3.354249 3.532460
3.326568 3.511247
3.330244 3.530332
3.308679 3.566191
3.296266 3.492425
3.286802 3.507999
3.279612 3.455139
3.277488 3.543120
3.273874 3.436651
3.274539 3.476782
3.257717 3.474788
3.256614 3.459952
3.245930 3.420077
3.254922 3.450287
3.233560 3.429032
3.227251 3.449207
3.230533 3.417708
3.212083 3.417793
3.213388 3.414003
3.209926 3.398824
3.199817 3.442794
3.194388 3.421130
3.199990 3.447727
3.186220 3.369169
3.177578 3.358707
3.160612 3.378848
3.181550 3.369970
3.162169 3.395604
3.170980 3.376602
3.170708 3.392927
3.162807 3.358036
3.147285 3.405773
3.159079 3.402668
3.144088 3.381822
3.139643 3.377264
3.131069 3.357918
3.119339 3.360783
3.123989 3.332120
3.132051 3.344635
3.107131 3.377957
3.084414 3.343692
3.091817 3.360566
3.085465 3.323639
3.064920 3.261485
3.057567 3.290741
3.072113 3.297535
3.069752 3.251858
3.049370 3.286928
3.053735 3.261669
3.041495 3.278249
3.055707 3.274281
3.035685 3.258050
3.042606 3.254370
3.044214 3.265053
3.029886 3.248774
3.037074 3.280190
3.034131 3.253987
3.015563 3.234898
3.043077 3.296946
3.026036 3.258957
3.021433 3.224512
3.034551 3.254204
3.011038 3.266858
3.026356 3.237374
3.022466 3.251271
3.005250 3.250865
3.010452 3.262486
3.013862 3.236143
3.025332 3.202565
3.025466 3.275785
2.998042 3.298275
3.006207 3.285675
3.000953 3.272768
2.999269 3.218417
2.996326 3.241382
3.000325 3.243637
2.998405 3.247228
2.979600 3.255419
2.980765 3.171502
2.990999 3.200199
2.977413 3.234365
2.972757 3.248557
2.985994 3.218553
2.985473 3.213765
2.970498 3.229009
2.977391 3.248114
2.975950 3.227362
2.978110 3.182533
2.992017 3.233912
2.970498 3.196409
2.984581 3.220031
2.975234 3.154702
2.960430 3.220795
2.963119 3.191396
2.970062 3.190868
2.971373 3.192160
2.972553 3.169183
2.966469 3.203200
2.986650 3.156748
2.964276 3.183644
2.971457 3.183603
2.958578 3.185115
2.967374 3.151219
2.971788 3.205194
2.974489 3.224561
2.953125 3.168323
2.966291 3.130765
2.966132 3.142115
2.959738 3.231288
2.966985 3.180916
2.966941 3.158795
2.970099 3.165089
2.962531 3.155756
2.965713 3.098400
2.958175 3.181878
2.967594 3.106196
2.956449 3.167317
2.969592 3.131140
2.960455 3.160122
2.946188 3.180830
2.958721 3.146822
2.951811 3.127448
2.960080 3.139148
2.946291 3.145618
2.949006 3.190728
2.954366 3.153434
2.943922 3.166598
2.962628 3.191724
2.947753 3.183379
2.974033 3.151919
2.962206 3.161440
2.948421 3.190654
2.959959 3.182512
2.949704 3.152186
2.938774 3.168062
2.934629 3.169052
2.940660 3.130682
2.969290 3.147754
2.938577 3.121657
2.949431 3.202353
2.940925 3.140482
2.942280 3.108697
2.930736 3.086663
2.947838 3.112479
2.943052 3.161525
2.939116 3.127376
2.934084 3.170363
2.933944 3.102302
2.932661 3.117070
2.941883 3.104531
2.932249 3.110058
2.927516 3.130607
2.934048 3.164090
2.933103 3.107407
2.936382 3.138582
2.950261 3.128232
2.931504 3.114170
2.928849 3.080878
2.924740 3.171842
2.927663 3.107074
2.940233 3.090268
2.925216 3.148858
2.929816 3.102334
2.918633 3.095899
2.933797 3.101448
2.929405 3.102744
2.926566 3.077669
2.924812 3.135328
2.916211 3.111881
2.930086 3.103089
2.921892 3.143143
2.939089 3.093856
2.928777 3.075362
2.927756 3.097245
2.933845 3.091109
2.920411 3.121543
2.922256 3.108365
2.914545 3.125485
2.931120 3.068298
2.911344 3.115712
2.933762 3.103381
2.931370 3.075441
2.928234 3.084349
2.918524 3.098211
2.911976 3.088435
2.913040 3.196902
