37.155247 12.584048
9.480839 9.666522
8.037405 8.766602
6.969650 7.790059
6.146378 7.119893
5.565347 6.551655
5.078356 6.003069
4.634531 5.608533
4.316933 5.265698
4.064984 4.995507
3.869648 4.783018
3.719237 4.685727
3.607914 4.507062
3.473886 4.462926
3.343309 4.171494
3.160396 3.992150
3.056915 3.929758
2.987683 3.782782
2.926096 3.709671
2.851372 3.708223
2.787567 3.664984
2.759578 3.569886
2.714483 3.506654
2.697026 3.468530
2.654167 3.451023
2.647481 3.450536
2.613201 3.353732
2.595709 3.373241
2.573573 3.339774
2.561635 3.361017
2.532999 3.315243
2.529701 3.260898
2.496880 3.230253
2.492203 3.251996
2.478628 3.237387
2.460774 3.203587
2.438691 3.234756
2.423274 3.185648
2.413213 3.161288
2.379112 3.163162
2.367297 3.084914
2.350192 3.050275
2.337625 3.026437
2.344649 3.020646
2.318191 2.994864
2.314262 2.988442
2.296224 2.929130
2.296150 2.954834
2.282476 2.949911
2.282571 2.908065
2.270276 2.979673
2.269618 2.947367
2.266542 2.891545
2.260441 2.948671
2.248424 2.877122
2.242611 2.903725
2.228127 2.917948
2.225794 2.834526
2.220633 2.841882
2.211763 2.880868
2.214312 2.890880
2.208306 2.955771
2.202657 2.841168
2.188761 2.779716
2.179290 2.788150
2.150563 2.749864
2.148385 2.774690
2.139311 2.751800
2.138827 2.814685
2.134053 2.809453
2.134444 2.704110
2.124247 2.718732
2.122428 2.722698
2.108710 2.726882
2.110779 2.742078
2.108278 2.673487
2.085984 2.698111
2.076331 2.583282
2.068363 2.608067
2.061463 2.603004
2.066556 2.561091
2.056761 2.651083
2.052612 2.607544
2.058036 2.611943
2.054031 2.592818
2.047985 2.564455
2.050133 2.596276
2.035544 2.574026
2.053697 2.580529
2.047296 2.591554
2.032836 2.566833
2.031742 2.606913
2.027006 2.553952
2.040278 2.560021
2.040533 2.561191
2.030040 2.616246
2.037005 2.622188
2.027670 2.592579
2.025967 2.573953
2.029096 2.695519
2.027850 2.589210
2.030382 2.635442
2.027738 2.601457
2.019963 2.605216
2.018298 2.590682
2.020065 2.636697
2.004406 2.575774
1.999769 2.573731
1.993649 2.598327
1.988552 2.545029
1.988692 2.579092
1.982286 2.537072
1.980855 2.592576
1.983691 2.576377
1.982080 2.550339
1.982098 2.584922
1.979506 2.579875
1.975610 2.558743
1.972217 2.581904
1.984821 2.533948
1.980138 2.534341
1.981143 2.568424
1.982385 2.561744
1.961653 2.591701
1.982133 2.520827
1.970354 2.593374
1.969418 2.583279
1.981345 2.531590
1.978245 2.548739
1.979189 2.527826
1.971407 2.546089
1.970996 2.528508
1.971715 2.513343
1.969338 2.553566
1.967673 2.537895
1.972688 2.546377
1.970660 2.583523
1.968538 2.538180
1.964934 2.544906
1.968999 2.546887
1.967968 2.513678
1.962373 2.564208
1.973007 2.498517
1.962903 2.512959
1.970015 2.504600
1.961892 2.543514
1.971461 2.478667
1.962069 2.474443
1.960421 2.535881
1.973055 2.566951
1.958305 2.532217
1.965911 2.569668
1.961808 2.495588
1.960023 2.505843
1.960165 2.472983
1.963327 2.484309
1.950981 2.471460
1.959904 2.508665
1.961777 2.501757
1.949752 2.504664
1.958822 2.502140
1.964479 2.528506
1.962192 2.515581
1.954394 2.463922
1.959784 2.458822
1.964107 2.487822
1.958125 2.502821
1.960887 2.493221
1.960985 2.505980
1.963033 2.537884
1.969876 2.485884
1.953962 2.515005
1.962317 2.487665
1.958522 2.508692
1.964364 2.507188
1.955428 2.534418
1.956959 2.560052
1.954795 2.525680
1.949394 2.485337
1.961268 2.444283
1.951845 2.552577
1.956155 2.592237
1.946043 2.475360
1.955605 2.523029
1.950100 2.463838
1.948159 2.464161
1.953746 2.446043
1.947443 2.507121
1.940763 2.464926
1.944759 2.554836
1.942690 2.496510
1.936284 2.479187
1.926800 2.467623
1.921925 2.456637
1.928430 2.457916
1.921693 2.480606
1.931596 2.521911
1.922957 2.462107
1.925111 2.466429
1.918479 2.473367
1.923609 2.451045
1.921597 2.469558
1.914025 2.455870
1.921198 2.497528
1.914238 2.463492
1.926145 2.449796
1.917795 2.447147
1.916804 2.485473
1.918123 2.480711
1.915160 2.481491
1.917688 2.449679
1.912722 2.474451
1.913932 2.430742
1.915983 2.434104
1.916605 2.437303
1.923789 2.442342
1.916469 2.435212
1.907872 2.481879
1.923030 2.450804
1.920595 2.458858
1.908682 2.478716
1.924414 2.434066
1.909496 2.444831
1.906361 2.478077
1.913500 2.400603
1.909112 2.512417
1.926020 2.416355
1.916329 2.396785
1.918749 2.490351
1.907396 2.481134
1.909995 2.419595
1.909406 2.423944
1.915010 2.398675
1.912440 2.474481
1.912957 2.412263
1.912517 2.401757
1.910146 2.409999
1.906546 2.441039
1.907248 2.429242
1.911233 2.438878
1.907443 2.430712
1.909221 2.408371
1.909687 2.441574
1.908433 2.470579
1.912802 2.435241
1.914336 2.424598
1.908568 2.443286
1.900843 2.421587
1.911224 2.398944
1.910332 2.439164
1.912161 2.449160
1.908976 2.484513
1.912145 2.429966
1.908600 2.481749
1.909803 2.405514
1.916261 2.450523
1.914076 2.504433
1.914572 2.425220
1.907263 2.477004
1.907748 2.430643
1.905847 2.414616
1.916614 2.451848
1.908012 2.452837
1.905651 2.403282
1.909419 2.428347
1.907731 2.443981
1.913321 2.399611
1.914871 2.493695
1.916616 2.422271
1.904270 2.406651
1.908783 2.410515
1.912175 2.391205
1.902307 2.438394
1.907013 2.395187
1.909176 2.401413
1.904966 2.405977
1.907657 2.420324
1.912514 2.409268
1.908579 2.423641
1.903328 2.457158
1.909911 2.449904
1.912880 2.424981
1.896511 2.438700
1.907431 2.436513
1.905012 2.449549
1.915666 2.471618
1.903749 2.437948
1.919883 2.439322
1.914330 2.433885
1.911597 2.413117
1.910844 2.430729
1.904138 2.441322
1.917484 2.417153
1.910501 2.450375
1.908195 2.416800
1.910005 2.395128
1.914175 2.449753
1.909916 2.421567
1.905240 2.401736
1.916930 2.454145
