13.522697 9.530341
8.271014 9.289832
8.002552 9.257450
7.873347 9.002151
7.750002 8.769901
7.710937 8.802649
7.626899 8.911487
7.632419 8.797443
7.617097 9.084233
7.582092 8.707207
7.550292 8.666129
7.543826 8.792521
7.586641 8.607637
7.540233 8.650088
7.545851 8.601425
7.485121 8.633162
7.548610 8.807456
7.515644 8.685887
7.496919 8.620696
7.535433 8.714095
7.511909 9.222449
7.520244 8.512229
7.494383 8.778665
7.532567 8.657311
7.538221 8.634893
7.528130 8.929888
7.498179 8.792304
7.538548 8.681709
7.557542 8.617893
7.458694 8.543702
7.468392 9.019545
7.443775 9.170457
7.473221 8.802473
7.501078 8.639337
7.458450 8.677399
7.479799 9.421410
7.482970 8.814943
7.519843 8.579720
7.437482 8.834112
7.457505 8.687043
7.486533 8.947921
7.540702 8.800920
7.440964 8.886508
7.449702 8.557757
7.461198 8.632668
7.483315 8.662602
7.439399 8.599376
7.434218 8.884317
7.434465 9.112953
7.458546 8.785456
7.453683 8.569859
7.438768 8.597473
7.484756 8.845589
7.438382 8.665322
7.414633 9.684901
7.479502 8.585747
7.462807 8.574696
7.461639 8.709506
7.442019 8.637149
7.444223 8.548392
7.451520 8.558471
7.439004 8.722424
7.439977 8.659391
7.406755 8.557237
7.446039 9.685539
7.444277 8.650056
7.396772 9.083488
7.419779 8.641246
7.442984 8.695487
7.423421 8.655784
7.411143 8.574964
7.393922 8.557592
7.425407 8.551648
7.452851 8.615423
7.365025 8.724501
7.450500 9.501801
7.468921 9.419535
7.457333 8.848757
7.391855 8.798060
7.397388 8.904012
7.414059 8.781998
7.443101 8.585028
7.391148 8.922592
7.400161 8.624869
7.447310 8.763959
7.380612 8.650024
7.389626 8.936281
7.372223 8.729706
7.373217 8.547988
7.394831 8.810482
7.372519 9.029864
7.389994 8.524813
7.394627 8.623253
7.357703 8.548241
7.412767 8.518552
7.376468 8.528434
7.374707 9.248442
7.367958 8.754356
7.370089 8.572251
7.366754 8.608391
7.342045 9.170647
7.366795 8.525644
7.378736 8.539240
7.357936 8.816252
7.353334 8.602358
7.344043 8.616716
7.332470 8.873558
7.325841 8.588923
7.354137 9.010936
7.314240 8.911865
7.342455 8.610044
7.318288 9.125036
7.328166 8.695921
7.315304 8.760908
7.360059 9.332145
7.336818 8.924717
7.329668 8.943208
7.308105 8.697546
7.294416 8.546847
7.298679 9.078928
7.391783 8.777106
7.317097 8.853905
7.320701 8.560667
7.338237 8.713867
7.338702 8.820273
7.314693 8.605160
7.329890 8.676587
7.337038 8.544936
7.303068 8.688496
7.314429 8.752227
7.292461 8.582239
7.312893 8.698417
7.310656 8.903194
7.301581 8.657092
7.306101 8.585688
7.290486 8.573277
7.296262 8.739534
7.279993 9.049077
7.304753 8.755726
7.285285 8.577923
7.299750 8.601765
7.303285 8.605553
7.292668 8.695440
7.304027 8.924677
7.251794 8.582191
7.301698 9.088407
7.284689 8.612010
7.276575 8.640755
7.298008 8.783473
7.290770 9.388632
7.279692 9.263639
7.292716 8.974446
7.308244 8.588831
7.299877 8.681266
7.275493 8.763375
7.277218 8.757680
7.256255 8.664404
7.310277 8.718794
7.276603 8.737644
7.324977 8.628107
7.278336 8.660562
7.278761 8.806222
7.276188 8.562415
7.296104 8.860248
7.333999 8.569770
7.267534 8.683887
7.279055 8.992520
7.269242 8.775792
7.279372 8.563555
7.275415 8.625517
7.325002 8.576613
7.292914 8.531078
7.257021 8.993398
7.306254 8.608668
7.258352 8.732968
7.284820 8.577992
7.276701 8.897269
7.298755 8.733531
7.287174 8.932014
7.280380 8.587914
7.273753 8.787327
7.290871 9.084404
7.252888 8.574748
7.280627 8.561578
7.270059 8.561262
7.287039 8.577211
7.277636 8.555504
7.298882 9.151484
7.263430 8.995563
7.288301 8.911909
7.292170 8.596812
7.268882 8.882940
7.276584 8.608229
7.280106 8.861853
7.265418 8.647023
7.259302 8.579365
7.260490 8.624022
7.264311 9.071908
7.261769 8.720605
7.306208 8.908325
7.269569 8.825335
7.280454 9.374004
7.284310 8.758698
7.290404 8.657595
7.259230 8.758420
7.256229 8.558321
7.289359 8.887518
7.264206 9.421043
7.287053 8.737037
7.289607 8.678092
7.283758 9.065513
7.297924 8.972450
7.259251 8.653485
7.275555 8.736935
7.259333 8.566397
7.280815 8.566773
7.264880 8.724149
7.251929 8.727868
7.287239 8.681830
7.272506 8.719169
7.278873 8.568810
7.260031 8.563312
7.302046 8.694592
7.317753 8.601282
7.292242 8.873260
7.253312 8.671268
7.286473 8.577756
7.294384 8.715405
7.264259 8.942792
7.262178 8.651009
7.280807 8.591214
7.292622 9.012254
7.322045 8.679985
7.243132 8.693767
7.264951 8.565252
7.267033 8.688692
7.309514 9.036052
7.252363 8.611670
7.242942 8.616953
7.304887 9.171826
7.279743 9.237919
7.286346 8.642384
7.276332 8.612903
7.269628 8.612207
7.261671 8.806130
7.254434 8.786681
7.267696 9.063599
7.286561 8.608551
7.258016 8.851694
7.308776 8.582118
7.285794 8.618787
7.248617 8.571565
7.263254 8.677637
7.269216 8.547534
7.272392 8.587343
7.317025 8.634551
7.277066 8.771322
7.282042 8.615619
7.253043 8.919293
7.245596 8.743716
7.258084 8.796718
7.295152 8.713239
7.258707 8.697732
7.248309 8.679372
7.270932 8.811710
7.270222 8.662016
7.269354 8.682550
7.258171 8.574258
7.276849 9.072931
7.266386 8.670637
7.257452 8.721119
7.240148 8.633524
7.287703 8.589184
7.270132 8.577829
7.222693 8.567480
7.275788 8.843839
7.254967 8.600876
7.274836 8.793822
7.260699 8.579393
7.273058 8.958614
7.265781 8.740560
7.246114 8.940156
7.256531 8.725610
7.295729 9.005822
7.273519 8.873612
7.262565 8.882865
7.288136 8.681184
7.259392 9.076056
7.332233 8.570103
7.262529 8.768894
7.266068 8.711122
7.245663 8.562366
7.267254 8.951928
7.256626 9.438816
7.289201 8.540788
7.240606 8.670973
7.257872 8.690127
7.306893 8.866056
7.260373 8.861003
7.276042 8.708807
