26.052637 9.168085
6.865838 7.001451
5.521502 6.560473
5.013766 6.407893
4.764497 6.449654
4.669533 6.238856
4.601620 6.296440
4.563753 6.173196
4.563135 6.264681
4.500293 6.247508
4.484824 6.284044
4.462131 6.359980
4.463950 6.266640
4.444193 6.320389
4.448821 6.116724
4.418229 6.227610
4.391990 6.188597
4.395397 6.226437
4.356991 6.043407
4.358052 6.389875
4.336333 6.216357
4.333520 6.088526
4.293917 6.099563
4.260225 6.073617
4.241622 6.036652
4.225910 6.041275
4.198522 5.907240
4.164355 5.876678
4.158886 5.848522
4.126702 5.881130
4.096897 5.787572
4.085249 5.897528
4.044614 5.794921
4.015596 5.717883
3.986313 5.737061
3.974422 5.589690
3.957829 5.493114
3.935490 5.504026
3.891918 5.526503
3.856999 5.424897
3.814988 5.441327
3.792120 5.382480
3.759064 5.306014
3.721052 5.251140
3.698761 5.231975
3.677315 5.115179
3.661708 5.119111
3.637993 5.167056
3.632988 5.079565
3.596113 4.975032
3.575796 4.958117
3.579563 5.008114
3.542292 4.936395
3.558534 4.905129
3.519040 4.830842
3.498120 4.862367
3.484798 4.844800
3.477824 4.831235
3.463679 4.770530
3.460988 4.859609
3.441837 4.743279
3.422000 4.860114
3.418875 4.829542
3.404226 4.743630
3.382114 4.706934
3.370695 4.692180
3.330340 4.568247
3.323797 4.707891
3.310300 4.679105
3.281273 4.652162
3.265950 4.464935
3.259771 4.498659
3.227500 4.461007
3.229660 4.483211
3.195191 4.383940
3.195510 4.389705
3.176662 4.343512
3.158543 4.403228
3.143212 4.255433
3.142542 4.345893
3.118694 4.332243
3.120121 4.339009
3.110640 4.267579
3.084057 4.433434
3.091482 4.363350
3.083083 4.151340
3.071061 4.257330
3.051372 4.254418
3.054775 4.257189
3.049200 4.150209
3.052386 4.118771
3.032905 4.116333
3.025334 4.059172
3.010954 4.182333
2.995456 4.141251
2.997845 4.154078
2.980979 4.126982
2.976471 4.105148
2.970121 4.043754
2.954586 4.057051
2.948702 4.156490
2.963362 3.973133
2.936721 3.996679
2.941230 4.046913
2.919429 3.907662
2.935305 3.947168
2.922307 3.936820
2.912896 3.910701
2.915820 3.942426
2.920375 4.063154
2.918631 3.958385
2.913438 3.963800
2.904458 4.000753
2.894999 4.045739
2.890113 3.992855
2.885170 3.937274
2.891433 3.970148
2.887928 3.938324
2.897651 3.859542
2.881556 3.936173
2.867295 3.890280
2.878155 3.890886
2.872412 4.040219
2.864375 3.946720
2.856240 3.897015
2.869274 3.864131
2.860500 3.886404
2.856936 3.819269
2.843966 3.924284
2.854226 3.793973
2.852005 3.827155
2.858739 3.918119
2.857444 3.832740
2.858295 3.909398
2.846924 3.850334
2.844917 3.794320
2.843437 3.778934
2.837297 3.805962
2.832665 3.826736
2.830736 3.788556
2.834669 3.793695
2.821283 3.795821
2.834647 3.790555
2.832181 3.836893
2.829370 3.704712
2.824110 3.773845
2.821687 3.734828
2.804525 3.789826
2.808988 3.753336
2.802084 3.674671
2.813638 3.790684
2.803498 3.750180
2.788625 3.864610
2.812433 3.750158
2.799207 3.717942
2.806919 3.716306
2.802851 3.742681
2.801114 3.673350
2.795694 3.727430
2.793858 3.660551
2.805978 3.732882
2.803181 3.711429
2.803138 3.772035
2.783439 3.772921
2.793344 3.777126
2.788401 3.778033
2.781654 3.739465
2.796325 3.722452
2.782323 3.724955
2.775826 3.716039
2.774176 3.697533
2.778858 3.737434
2.778198 3.673082
2.782041 3.712610
2.783438 3.690552
2.783842 3.697370
2.775999 3.639871
2.775583 3.645069
2.766481 3.760986
2.761603 3.662654
2.765114 3.655586
2.758370 3.635071
2.775867 3.658105
2.756215 3.686401
2.757550 3.676238
2.760402 3.846691
2.749918 3.670412
2.754199 3.765651
2.748904 3.662629
2.749104 3.649240
2.747208 3.613990
2.742124 3.680718
2.746589 3.609204
2.740221 3.617191
2.741978 3.634192
2.735990 3.729793
2.740795 3.654068
2.736405 3.586414
2.747354 3.628602
2.737780 3.641735
2.727767 3.563502
2.735967 3.570822
2.720824 3.559690
2.724844 3.525261
2.720057 3.651281
2.726680 3.627744
2.723364 3.570885
2.722689 3.504560
2.722483 3.598472
2.710674 3.708513
2.717058 3.599499
2.722425 3.631212
2.729288 3.588941
2.711547 3.517243
2.708314 3.612472
2.710535 3.562734
2.718819 3.555504
2.699028 3.479357
2.702111 3.575735
2.699154 3.518393
2.693860 3.495185
2.691964 3.560326
2.689012 3.528679
2.686836 3.526333
2.679977 3.565327
2.689197 3.540548
2.694364 3.598292
2.689852 3.546123
2.692024 3.562537
2.686866 3.691689
2.694747 3.545137
2.698734 3.490023
2.699645 3.520545
2.679180 3.542376
2.696051 3.627953
2.688977 3.503587
2.679881 3.553868
2.676976 3.491250
2.689040 3.518282
2.680384 3.562988
2.686164 3.512377
2.683350 3.517911
2.673946 3.500565
2.677389 3.556157
2.679930 3.679820
2.688134 3.562271
2.676169 3.505439
2.682273 3.534372
2.682291 3.569916
2.668726 3.472495
2.674480 3.567468
2.679996 3.526182
2.670281 3.562902
2.681489 3.566346
2.670421 3.490615
2.681652 3.517949
2.669855 3.589803
2.665253 3.460018
2.665591 3.493801
2.672931 3.462101
2.661557 3.470724
2.655203 3.572392
2.663531 3.505769
2.659234 3.476968
2.657218 3.562346
2.673141 3.526071
2.663387 3.584616
2.669108 3.449886
2.663177 3.512938
2.663503 3.460675
2.664627 3.440701
2.661271 3.433380
2.656413 3.490776
2.662740 3.552689
2.664595 3.451614
2.650472 3.608379
2.670264 3.464947
2.662009 3.553773
2.666073 3.460509
2.649668 3.481149
2.658779 3.511149
2.659833 3.540603
2.656384 3.436280
2.645234 3.497585
2.653294 3.429145
2.646408 3.487682
2.650448 3.480162
2.653190 3.486619
2.660464 3.421107
2.643580 3.416799
2.644256 3.470627
2.655444 3.459175
2.653225 3.479479
2.645372 3.526450
2.651137 3.419768
2.654799 3.422333
2.634758 3.493205
2.632750 3.414662
2.646793 3.485569
2.648752 3.427486
