120.397720 62.243969
30.167624 16.332726
11.594189 9.388694
8.196370 7.707698
7.084966 6.786780
6.366060 5.870453
5.678814 5.098165
4.892098 4.245329
4.225410 3.769201
3.779795 3.362195
3.360965 2.930478
2.999495 2.635134
2.738544 2.476145
2.577789 2.357875
2.422272 2.260356
2.296045 2.161904
2.207324 2.051665
2.138053 1.983665
2.061102 1.934548
2.020107 1.877997
1.965101 1.834335
1.925103 1.819704
1.875402 1.775178
1.836291 1.732109
1.791764 1.683220
1.773434 1.668236
1.744604 1.658165
1.709840 1.670618
1.696007 1.599806
1.662152 1.595627
1.647522 1.554005
1.629349 1.526410
1.621718 1.549004
1.602332 1.486612
1.559984 1.472485
1.536793 1.484397
1.507631 1.492004
1.514696 1.452465
1.490867 1.453081
1.485254 1.418198
1.464765 1.395524
1.441820 1.370379
1.434540 1.377104
1.422655 1.376719
1.409218 1.330395
1.388121 1.332547
1.377630 1.349658
1.362514 1.284043
1.337838 1.274917
1.321859 1.304935
1.324631 1.293073
1.311797 1.297785
1.292863 1.277281
1.302357 1.297205
1.284900 1.275769
1.285372 1.299927
1.283349 1.254403
1.270956 1.298520
1.251389 1.239647
1.231370 1.226227
1.223245 1.257970
1.222433 1.222712
1.212886 1.235125
1.215307 1.211258
1.208260 1.196657
1.198152 1.217350
1.193447 1.202564
1.194879 1.186494
1.183023 1.194412
1.171569 1.151996
1.173972 1.158986
1.157128 1.159238
1.157425 1.143904
1.160186 1.150200
1.144125 1.164862
1.148039 1.158395
1.141927 1.169460
1.145605 1.196374
1.143484 1.165451
1.133734 1.180210
1.129059 1.134455
1.122573 1.128932
1.113796 1.126135
1.132537 1.147036
1.139836 1.125211
1.128974 1.125728
1.125171 1.151542
1.117875 1.137115
1.119858 1.150405
1.125497 1.158628
1.115930 1.152140
1.121131 1.108194
1.123912 1.144653
1.108393 1.137193
1.100404 1.120900
1.103545 1.115224
1.099811 1.092437
1.097852 1.099980
1.097449 1.103347
1.093483 1.109959
1.096343 1.181033
1.096235 1.085870
1.098386 1.109845
1.082460 1.138687
1.080406 1.108820
1.103047 1.106586
1.079061 1.084207
1.079644 1.134514
1.090995 1.152825
1.083509 1.104619
1.076616 1.107358
1.078731 1.143874
1.078398 1.102435
1.072119 1.102403
1.083458 1.117856
1.090509 1.077191
1.073684 1.086884
1.070464 1.130757
1.077222 1.106965
1.078753 1.119351
1.083922 1.109743
1.082899 1.098334
1.064281 1.103068
1.067692 1.080067
1.059395 1.104809
1.065875 1.079169
1.054302 1.091360
1.072677 1.060278
1.067924 1.074159
1.079589 1.119161
1.068942 1.089818
1.069496 1.088943
1.069363 1.127662
1.076583 1.134324
1.072452 1.131444
1.076228 1.094396
1.068295 1.119282
1.076917 1.113883
1.061946 1.086365
1.065813 1.068269
1.057396 1.109774
1.059521 1.092238
1.067183 1.089526
1.066128 1.077617
1.071991 1.119608
1.071142 1.095789
1.065654 1.134765
1.050676 1.112660
1.057454 1.099211
1.042217 1.081283
1.050404 1.079715
1.046582 1.054935
1.047129 1.077616
1.043307 1.095431
1.049226 1.073832
1.049882 1.106632
1.051975 1.054159
1.047638 1.074134
1.051646 1.076255
1.052309 1.046848
1.042663 1.064991
1.041310 1.044380
1.049732 1.091164
1.050643 1.075355
1.042359 1.122139
1.047609 1.036348
1.033203 1.071606
1.027406 1.049396
1.042623 1.085581
1.046046 1.117103
1.039808 1.047767
1.037144 1.073565
1.038402 1.056911
1.041954 1.049149
1.024550 1.078766
1.039985 1.026128
1.032895 1.055636
1.040809 1.074126
1.032708 1.046641
1.028612 1.054964
1.030205 1.058045
1.038517 1.042197
1.032898 1.091201
1.040054 1.060063
1.047439 1.049864
1.025286 1.062952
1.037024 1.094947
1.039049 1.079606
1.053008 1.083303
1.046952 1.041176
1.034593 1.097450
1.040442 1.063134
1.033957 1.111242
1.034223 1.028617
1.044361 1.061945
1.026422 1.070399
1.046659 1.060890
1.035840 1.098719
1.025224 1.066954
1.048029 1.058488
1.030511 1.059694
1.025183 1.085962
1.031344 1.060216
1.046858 1.039512
1.049167 1.058662
1.032299 1.076840
1.031280 1.103459
1.036762 1.031209
1.029472 1.073029
1.047866 1.053785
1.032287 1.047848
1.041250 1.062764
1.026590 1.027922
1.026634 1.047212
1.036731 1.036931
1.037751 1.087987
1.037777 1.070002
1.024660 1.047677
1.019478 1.051554
1.036606 1.065107
1.036462 1.047353
1.040762 1.027513
1.027457 1.083350
1.014723 1.024614
1.019412 1.059546
1.016477 1.033291
1.015585 1.044607
1.023789 1.055758
1.016090 1.043250
1.023952 1.034313
1.017561 1.037590
1.013485 1.047076
1.015502 1.097762
1.010774 1.063212
1.021417 1.013902
1.008917 1.053977
1.025609 1.033251
1.012675 1.063421
1.003748 1.002184
1.010399 1.021007
1.024984 1.024543
1.013261 1.029214
1.013408 1.040443
1.009725 1.047126
1.021381 1.003761
1.022494 1.036540
1.023582 1.080263
1.018807 1.027621
1.003037 1.055847
1.023394 1.053319
1.005264 1.032564
1.017377 1.028876
1.011893 1.068488
1.009547 1.015738
0.996548 1.090613
1.024481 1.054518
0.998517 1.027820
1.026218 1.030855
1.005489 1.027790
1.017049 1.015477
1.021758 1.017220
1.008587 1.018706
1.006525 1.040841
1.013068 1.055265
1.001414 1.017668
1.030654 1.047661
1.002727 1.047261
1.007514 1.037750
1.009955 1.028237
1.021135 1.025689
1.012821 1.035777
1.008828 1.028070
1.003635 1.047412
0.996171 1.022860
1.009248 1.003116
1.011127 1.015274
1.010888 1.024280
1.005088 1.016086
1.007934 1.039283
1.024311 1.064048
1.026442 1.007837
0.999104 1.002521
1.007761 1.005016
1.007482 1.038252
1.000731 1.054108
1.012240 1.016984
1.002640 1.048436
1.013350 1.035463
1.004170 1.028594
0.989834 1.045162
1.002277 1.065036
1.003629 0.992020
1.015661 0.989439
1.000928 1.021355
0.992004 1.079535
0.995017 1.011766
1.017400 1.033461
0.997661 1.046905
1.004619 1.038687
1.000863 1.047320
