34.672146 12.614546
10.256872 10.081710
7.384620 8.098063
5.959177 7.161433
5.172917 6.483680
4.547466 6.009593
4.146053 5.645761
3.828802 5.377356
3.626447 5.233843
3.498039 5.104110
3.393763 4.950369
3.300448 4.897135
3.224449 4.781075
3.157616 4.701063
3.087316 4.600007
3.013740 4.569788
2.937095 4.349797
2.765205 4.060654
2.525892 3.668137
2.315791 3.553656
2.177627 3.411594
2.102325 3.313361
2.055246 3.288373
2.009922 3.200414
1.978348 3.188200
1.950431 3.088640
1.926761 3.017099
1.906092 2.955424
1.874312 2.848993
1.844435 2.760608
1.811757 2.717363
1.790934 2.718610
1.763026 2.672750
1.752622 2.627839
1.739662 2.607585
1.715331 2.549836
1.676943 2.448662
1.635138 2.391152
1.618375 2.359207
1.599835 2.335595
1.590289 2.278061
1.568780 2.251560
1.567749 2.231218
1.555905 2.217663
1.541895 2.252055
1.542978 2.228828
1.537322 2.238193
1.539903 2.224121
1.532980 2.236021
1.522530 2.202237
1.517274 2.198432
1.515974 2.210322
1.515597 2.167934
1.510593 2.152759
1.506350 2.178493
1.504936 2.151141
1.513479 2.156957
1.507476 2.172335
1.510061 2.165041
1.511405 2.130926
1.506051 2.204008
1.510598 2.150188
1.498569 2.179118
1.500768 2.149706
1.506164 2.156550
1.506926 2.128274
1.498945 2.146149
1.497524 2.123818
1.502237 2.122018
1.493517 2.119216
1.486494 2.094088
1.467611 2.055217
1.464978 2.036036
1.461199 2.076934
1.462441 2.058285
1.461230 2.081032
1.463365 2.033661
1.461100 2.061838
1.462619 2.018209
1.466142 2.062809
1.460409 2.071502
1.460472 2.042464
1.462409 2.043050
1.458476 2.061763
1.453565 2.092754
1.460806 2.068813
1.461498 2.082634
1.457094 2.073402
1.459612 2.092321
1.461095 2.014353
1.461970 2.049568
1.452588 2.059106
1.460355 2.041893
1.464502 2.072782
1.455585 2.017910
1.454060 2.072755
1.453536 2.091861
1.458639 2.049620
1.458390 2.031064
1.450751 2.057310
1.451534 2.099869
1.454717 2.037467
1.449137 2.065670
1.446682 2.082774
1.451332 2.049914
1.445652 2.044998
1.444360 2.046295
1.440317 2.057826
1.441869 2.041954
1.440281 2.068277
1.440898 2.071830
1.443509 2.066829
1.437380 2.068905
1.439086 2.059330
1.439748 2.045753
1.446049 2.037579
1.438059 2.042983
1.432988 2.059322
1.442562 2.047309
1.436907 2.045940
1.433532 2.061218
1.433280 2.023433
1.437247 2.086213
1.436078 2.031705
1.436892 2.040646
1.430330 2.041498
1.435290 2.035915
1.434678 2.016667
1.430615 2.048867
1.439335 2.046928
1.438643 2.048509
1.429688 2.042785
1.423692 2.018808
1.421914 2.050355
1.425287 2.029190
1.418203 2.034426
1.417565 2.023998
1.426204 2.052987
1.416366 2.030336
1.420985 2.043824
1.425876 2.087363
1.419033 2.039057
1.419369 2.016490
1.411052 2.005461
1.406766 1.991032
1.410662 2.014093
1.402544 2.021119
1.400110 2.035064
1.404857 2.001666
1.403925 1.994218
1.398961 2.002933
1.398400 2.016105
1.396029 2.052089
1.395241 1.998158
1.398384 2.006838
1.395076 2.000588
1.402002 2.001033
1.399043 2.018920
1.400162 2.024049
1.396500 2.003968
1.389570 2.042307
1.396697 2.019106
1.393200 2.013288
1.395011 2.011564
1.396502 2.012310
1.393161 1.999789
1.392845 2.012861
1.392143 2.019601
1.394524 2.057966
1.390276 2.046628
1.391220 2.010614
1.393306 2.072269
1.402730 2.010074
1.394658 2.010356
1.391280 2.029113
1.386594 2.008753
1.390901 2.001206
1.384798 1.972722
1.373045 1.970339
1.365321 1.935217
1.363092 1.957255
1.357158 1.927900
1.361912 1.944448
1.357286 1.940413
1.356644 1.963401
1.353347 1.963355
1.353644 1.926027
1.359582 1.947364
1.353065 1.937483
1.351737 1.955234
1.355304 1.971890
1.349779 1.952561
1.348705 1.918852
1.353070 1.944526
1.356427 1.963020
1.349288 1.972007
1.354869 1.976433
1.347688 1.929363
1.355070 1.946598
1.345985 2.001365
1.349620 1.945103
1.354074 1.951887
1.358117 1.949107
1.353039 1.939641
1.344185 1.984712
1.355463 2.001969
1.350765 1.942228
1.358085 1.935932
1.349523 1.943887
1.350105 1.972625
1.351883 1.940344
1.351609 1.968588
1.355823 1.954014
1.349204 1.931875
1.349125 1.959190
1.349648 1.928466
1.348470 1.944955
1.351290 1.963313
1.350655 1.957925
1.349228 1.953728
1.353043 1.929293
1.351348 1.923308
1.351993 1.938246
1.348601 1.934966
1.353724 1.935256
1.350100 1.951621
1.347699 1.958066
1.349854 1.969601
1.348092 1.968997
1.343032 1.939789
1.340919 1.934372
1.339937 1.951125
1.342539 1.954379
1.335557 1.954595
1.343233 1.984099
1.335220 1.957679
1.338829 1.971425
1.333350 1.952215
1.336773 2.000580
1.333087 1.956112
1.336623 1.931144
1.335376 1.973587
1.336339 1.957842
1.333389 1.950744
1.333913 1.990770
1.338716 1.962771
1.338385 1.935588
1.336726 1.979356
1.341781 2.002449
1.331752 1.972641
1.336516 1.973885
1.333769 1.979361
1.327003 1.932450
1.331228 1.995575
1.330075 1.942607
1.329165 1.952609
1.327586 1.969454
1.330067 1.927690
1.325673 1.979932
1.334449 1.931580
1.326483 1.939863
1.322910 1.976640
1.326023 1.991708
1.326990 1.935820
1.330795 1.954086
1.327866 1.954507
1.326452 1.982807
1.330390 1.947493
1.327157 1.955648
1.325361 1.939965
1.323594 1.934342
1.325454 1.913434
1.326593 1.976440
1.327236 1.967298
1.326897 1.938712
1.323160 1.952151
1.319427 1.957985
1.330111 1.962325
1.328167 1.944971
1.327997 1.939560
1.323398 1.996803
1.329352 1.965208
1.323037 1.955271
1.323704 1.962869
1.327081 1.954202
1.325801 1.945467
1.323948 1.934854
1.323784 1.947735
1.324879 1.931720
1.325233 1.932945
1.322649 1.957042
1.324405 1.929411
1.327594 1.934793
1.320357 1.958486
1.328151 1.950055
1.325439 1.929510
1.327344 1.946499
1.321173 1.948963
1.330558 1.955296
1.325749 1.946581
