21.897998 11.695730
9.136826 8.276183
6.610444 6.616676
5.249444 5.504950
4.281682 4.657990
3.672236 4.140950
3.298875 3.737101
3.039586 3.437081
2.852955 3.248514
2.744102 3.120020
2.635522 2.983012
2.518595 2.818956
2.417747 2.764069
2.373930 2.679405
2.339352 2.691699
2.300287 2.636963
2.270516 2.571129
2.221167 2.481259
2.161558 2.469334
2.101026 2.410531
2.039141 2.340214
1.973105 2.295856
1.926513 2.237138
1.865172 2.211656
1.848051 2.189077
1.821107 2.155700
1.803138 2.126203
1.771003 2.125082
1.757035 2.093322
1.745267 2.073814
1.730410 2.079383
1.674181 2.047076
1.660695 1.982679
1.654748 1.979672
1.645684 1.981651
1.638353 1.989314
1.627788 1.959472
1.622288 1.968387
1.613833 1.924546
1.612364 1.893786
1.589992 1.923951
1.577876 1.882127
1.561881 1.870333
1.566135 1.853293
1.559858 1.844406
1.564560 1.864261
1.558602 1.850697
1.556219 1.868792
1.555736 1.849555
1.546050 1.811137
1.542657 1.809415
1.538477 1.842902
1.540593 1.835761
1.538267 1.812958
1.538589 1.794599
1.535527 1.791851
1.538420 1.822270
1.536117 1.832941
1.533453 1.810592
1.537631 1.806263
1.536393 1.810378
1.537676 1.789545
1.538341 1.824262
1.532957 1.798506
1.530837 1.797811
1.526444 1.824077
1.523322 1.814564
1.529366 1.808288
1.524478 1.791008
1.525790 1.796654
1.522946 1.770034
1.528467 1.792345
1.520996 1.819207
1.530297 1.798835
1.525330 1.790752
1.522001 1.813369
1.525453 1.821610
1.525478 1.794576
1.526746 1.780545
1.523649 1.789248
1.521643 1.855207
1.526752 1.808680
1.529495 1.782035
1.522833 1.802685
1.521372 1.838009
1.525510 1.788395
1.522709 1.820503
1.523359 1.797417
1.528593 1.793345
1.521065 1.805057
1.519291 1.815578
1.526112 1.776793
1.522339 1.791620
1.523143 1.776183
1.516021 1.766062
1.519567 1.785841
1.521266 1.794111
1.516872 1.809993
1.515796 1.771651
1.515909 1.786831
1.513917 1.770208
1.518094 1.779156
1.516328 1.804322
1.516857 1.773633
1.514778 1.771375
1.517419 1.788797
1.517265 1.784574
1.513736 1.803524
1.518744 1.787506
1.521640 1.798193
1.515794 1.783571
1.513594 1.805128
1.517937 1.775625
1.518951 1.820835
1.521010 1.798474
1.511855 1.801323
1.513715 1.759469
1.516382 1.767777
1.514413 1.768913
1.516873 1.802722
1.515022 1.790437
1.516362 1.772028
1.513830 1.777962
1.512090 1.792234
1.512038 1.771459
1.518833 1.795084
1.512738 1.779032
1.514699 1.793292
1.513599 1.799610
1.512956 1.813435
1.509188 1.772465
1.516425 1.795247
1.511417 1.843660
1.512910 1.771863
1.517076 1.781537
1.515095 1.786997
1.509277 1.773725
1.513300 1.797893
1.516611 1.771097
1.511902 1.832509
1.518577 1.765426
1.510695 1.765217
1.516734 1.777277
1.513601 1.819600
1.510239 1.759422
1.513699 1.764754
1.516484 1.763540
1.514184 1.783422
1.511244 1.766282
1.507183 1.780908
1.516072 1.786551
1.511754 1.773166
1.512853 1.768682
1.514162 1.807625
1.510357 1.802106
1.513522 1.796374
1.511302 1.780562
1.512936 1.767484
1.510053 1.816616
1.512885 1.798040
1.515137 1.809612
1.513102 1.783560
1.514377 1.777866
1.513211 1.830805
1.512777 1.773614
1.513095 1.771376
1.513048 1.785434
1.514003 1.775321
1.509287 1.778719
1.518175 1.774437
1.510213 1.780158
1.517766 1.793415
1.508848 1.797544
1.513958 1.800197
1.517719 1.796104
1.515015 1.785378
1.512434 1.808760
1.507372 1.774607
1.515700 1.801658
1.513161 1.771221
1.510962 1.795352
1.515102 1.786241
1.510746 1.783872
1.516501 1.761154
1.512810 1.755269
1.509528 1.790344
1.517915 1.780543
1.512066 1.798016
1.514616 1.770333
1.509213 1.786172
1.516095 1.782605
1.510227 1.797806
1.516787 1.795630
1.509228 1.774915
1.517476 1.778585
1.510734 1.784612
1.510747 1.806286
1.514903 1.772286
1.509762 1.775789
1.515401 1.790253
1.513659 1.790201
1.514902 1.804325
1.512804 1.771845
1.514235 1.754023
1.508819 1.802531
1.512960 1.814204
1.513128 1.807195
1.513449 1.778817
1.515538 1.782492
1.512396 1.763896
1.512827 1.803556
1.512131 1.804654
1.514472 1.842510
1.511917 1.817489
1.512890 1.766170
1.516792 1.765488
1.510124 1.771728
1.513853 1.815977
1.511846 1.858993
1.511199 1.774007
1.516437 1.794593
1.512501 1.802583
1.515156 1.795099
1.515130 1.786728
1.509081 1.776056
1.501618 1.786599
1.499321 1.773840
1.502726 1.758082
1.495801 1.817759
1.504502 1.784179
1.504322 1.787997
1.503989 1.776966
1.500381 1.778853
1.502216 1.761663
1.499779 1.766893
1.500850 1.772630
1.501822 1.776729
1.489107 1.758567
1.484973 1.752263
1.482041 1.778620
1.488353 1.761838
1.492051 1.755817
1.489217 1.767777
1.484844 1.762553
1.491045 1.753948
1.482535 1.752019
1.493331 1.765944
1.487963 1.770863
1.488343 1.739867
1.486624 1.760268
1.486162 1.751393
1.492228 1.777221
1.492617 1.750089
1.484088 1.729797
1.485760 1.763530
1.486203 1.767395
1.485113 1.758350
1.487835 1.754534
1.486328 1.767792
1.490380 1.788816
1.481180 1.777234
1.492864 1.761687
1.485828 1.734915
1.483638 1.754524
1.492171 1.756614
1.480505 1.828987
1.490130 1.762306
1.483729 1.782890
1.491719 1.747029
1.484678 1.744484
1.485253 1.765170
1.483688 1.746906
1.486908 1.757058
1.487220 1.760719
1.483252 1.801831
1.495035 1.766539
1.485154 1.738440
1.485386 1.761157
1.487722 1.766639
1.494743 1.728897
1.481457 1.738499
1.484047 1.728052
1.489400 1.770349
1.487841 1.729817
1.486762 1.747186
1.483945 1.757031
1.487324 1.761737
1.484803 1.750332
1.480454 1.773559
1.490154 1.737041
1.485674 1.766016
1.484671 1.778058
1.489731 1.785132
1.484915 1.758257
1.493165 1.729179
1.489215 1.776715
1.487729 1.750511
1.485413 1.755175
1.482929 1.755040
1.481579 1.743757
