102.007410 41.199566
23.226828 15.053225
11.908174 11.750525
9.345828 9.698561
7.335614 8.227819
6.144212 7.085011
5.119965 6.236670
4.461372 5.821621
4.035729 5.320603
3.689740 4.987425
3.374302 4.688349
3.151739 4.497498
3.028132 4.371930
2.925651 4.109032
2.818884 3.998237
2.715040 3.793741
2.621743 3.557176
2.523471 3.301565
2.420791 3.234092
2.335961 3.139654
2.274465 3.053089
2.201787 2.971978
2.128767 2.963203
2.077945 2.834092
2.027530 2.765555
1.974837 2.719703
1.938440 2.688284
1.880834 2.633852
1.819003 2.545694
1.753351 2.439129
1.670976 2.431695
1.628667 2.313239
1.616430 2.296969
1.575393 2.307230
1.563974 2.215115
1.535668 2.212847
1.505619 2.180934
1.484245 2.042068
1.476756 2.071728
1.458851 2.054091
1.443243 2.067858
1.436523 2.039552
1.435362 2.005970
1.416957 2.018253
1.410301 2.048309
1.408694 2.016421
1.408409 1.981010
1.392139 2.016526
1.392403 1.961708
1.383968 1.905692
1.377956 1.952637
1.363243 1.945333
1.368291 1.926814
1.356516 1.933412
1.353464 1.974340
1.352093 2.012913
1.343551 1.901633
1.334588 1.947530
1.330405 1.894733
1.306945 1.921300
1.300208 1.889726
1.305150 1.876364
1.283930 1.838086
1.285594 1.855247
1.264747 1.847693
1.251824 1.873731
1.250642 1.936558
1.225982 1.807133
1.221242 1.815661
1.207922 1.771950
1.223269 1.800883
1.204884 1.807292
1.208106 1.801470
1.193934 1.787118
1.194036 1.785763
1.197690 1.737407
1.192436 1.829756
1.201165 1.771126
1.179921 1.712159
1.179035 1.712682
1.153847 1.673356
1.155167 1.617699
1.148348 1.611880
1.154057 1.585202
1.155126 1.626202
1.156814 1.637336
1.148399 1.586837
1.142664 1.620211
1.149380 1.597821
1.154733 1.619475
1.140813 1.635009
1.141620 1.622358
1.139787 1.608618
1.137791 1.594972
1.138836 1.652410
1.140512 1.621562
1.135779 1.597358
1.143980 1.604721
1.134719 1.668454
1.143893 1.596855
1.139251 1.668513
1.150600 1.643199
1.135102 1.573468
1.123317 1.618919
1.129936 1.652976
1.129013 1.568719
1.131534 1.589657
1.126575 1.614094
1.140282 1.639011
1.123379 1.569127
1.126234 1.674270
1.130647 1.627578
1.134817 1.622469
1.127244 1.644783
1.134105 1.597072
1.124752 1.619092
1.132683 1.676448
1.128647 1.673063
1.128273 1.605169
1.127528 1.627896
1.118851 1.658811
1.128386 1.641170
1.127587 1.652421
1.132499 1.601113
1.125094 1.669567
1.127284 1.649978
1.131012 1.619148
1.123250 1.674384
1.131571 1.621237
1.117247 1.662547
1.127400 1.594486
1.134276 1.605539
1.118830 1.581750
1.124877 1.654407
1.130806 1.611629
1.133108 1.596106
1.126682 1.640240
1.125258 1.645030
1.124433 1.668541
1.136142 1.673968
1.128519 1.618028
1.134227 1.570236
1.122510 1.641414
1.117422 1.613247
1.131440 1.618030
1.124240 1.619556
1.121824 1.657047
1.123037 1.664356
1.129733 1.684918
1.124961 1.601418
1.119720 1.622551
1.129770 1.633838
1.122770 1.651442
1.117795 1.583871
1.130173 1.600724
1.122097 1.594165
1.110218 1.708926
1.115324 1.608865
1.128433 1.613269
1.115528 1.633922
1.131978 1.667156
1.123105 1.660445
1.121369 1.606383
1.123358 1.576872
1.120627 1.607565
1.124654 1.615823
1.125732 1.710935
1.123895 1.632628
1.121590 1.612180
1.127038 1.627882
1.121674 1.702384
1.122495 1.623381
1.128085 1.577912
1.119532 1.603180
1.122085 1.656477
1.117230 1.638902
1.123466 1.585600
1.112992 1.625707
1.120833 1.606260
1.114203 1.566572
1.122121 1.608139
1.115049 1.617785
1.118817 1.593914
1.115436 1.580480
1.114520 1.608644
1.119515 1.613360
1.118052 1.609586
1.102920 1.601317
1.117742 1.598018
1.112434 1.575030
1.119353 1.558219
1.108099 1.580149
1.108687 1.570887
1.114943 1.589783
1.106395 1.603611
1.101755 1.607250
1.104516 1.576834
1.100537 1.575165
1.104248 1.593505
1.099610 1.555202
1.097969 1.557398
1.097502 1.585614
1.096291 1.593409
1.085177 1.550674
1.089335 1.578554
1.091190 1.578169
1.094903 1.584566
1.101661 1.569919
1.085859 1.546543
1.079799 1.614465
1.090280 1.593271
1.090710 1.533916
1.086669 1.620283
1.086521 1.561051
1.088825 1.513793
1.084322 1.565208
1.104603 1.605913
1.094205 1.566569
1.092497 1.515084
1.090118 1.545258
1.095881 1.602273
1.091604 1.574517
1.088161 1.568492
1.094122 1.589348
1.085255 1.526298
1.085406 1.584908
1.093733 1.557587
1.082021 1.557194
1.081823 1.570420
1.092781 1.539162
1.082488 1.536127
1.090241 1.584789
1.087088 1.569379
1.088069 1.553416
1.091507 1.603616
1.087455 1.573826
1.088840 1.554129
1.083270 1.606498
1.093300 1.504249
1.088184 1.530113
1.090985 1.597656
1.082588 1.540903
1.090845 1.554688
1.085604 1.604099
1.084575 1.604670
1.087257 1.637031
1.085935 1.494232
1.094089 1.576064
1.093135 1.598917
1.082893 1.610072
1.082336 1.543126
1.091342 1.583258
1.083566 1.564668
1.087439 1.645885
1.090819 1.542165
1.085328 1.575146
1.088221 1.539618
1.093352 1.542871
1.083753 1.528831
1.087164 1.546873
1.085410 1.530448
1.083074 1.568623
1.082691 1.587405
1.085078 1.577670
1.082859 1.585832
1.080341 1.585312
1.084553 1.558863
1.084771 1.577040
1.108025 1.559209
1.099835 1.577576
1.081354 1.527068
1.084213 1.572574
1.085275 1.550844
1.085235 1.611597
1.089917 1.563412
1.086884 1.627748
1.098871 1.561265
1.092430 1.516845
1.082848 1.559245
1.082350 1.540728
1.085012 1.594841
1.083954 1.529819
1.100033 1.557413
1.080650 1.556312
1.086906 1.552888
1.093727 1.509639
1.078783 1.537820
1.093037 1.492963
1.088980 1.537408
1.087605 1.578303
1.084996 1.607392
1.076894 1.601668
1.101409 1.630985
1.079895 1.630441
1.091200 1.526230
1.078363 1.551375
1.083582 1.571157
1.090951 1.587830
1.082498 1.639224
1.087272 1.567019
