53.351986 5.924319
5.291974 4.817985
4.699852 4.676635
4.562172 4.642358
4.451421 4.711578
4.421817 4.613642
4.400950 4.428899
4.399522 4.430929
4.461555 4.479197
4.387823 4.398104
4.363015 4.517326
4.374925 4.355217
4.377255 4.413153
4.383078 4.324701
4.323597 4.328703
4.292536 4.353167
4.297489 4.345438
4.259859 4.355857
4.254395 4.300943
4.261727 4.318276
4.250011 4.256140
4.230856 4.515481
4.207630 4.401963
4.235445 4.254828
4.224616 4.288144
4.219845 4.144379
4.214599 4.095404
4.139912 4.201930
4.206199 4.188545
4.138328 4.270519
4.172547 4.176774
4.181552 4.146193
4.188282 4.328790
4.172252 4.214351
4.141741 4.112505
4.141376 4.137570
4.165918 4.095722
4.135544 4.229744
4.147110 4.239062
4.130202 4.118593
4.129315 4.200788
4.128425 4.139482
4.111550 4.057166
4.121720 4.026701
4.099844 4.081485
4.093827 4.077653
4.120695 4.314080
4.085212 4.283696
4.134757 4.149417
4.160242 4.112574
4.106145 4.064432
4.105582 4.166513
4.130458 4.005893
4.085122 4.270341
4.108005 4.119313
4.100769 4.081235
4.092461 4.137745
4.104496 4.060936
4.094026 4.047905
4.099708 4.267545
4.099779 4.169905
4.102766 4.068467
4.133728 4.077345
4.098851 4.129321
4.121502 4.114869
4.072929 4.117468
4.092071 4.293961
4.111314 4.164860
4.118345 4.048132
4.142700 4.054925
4.130771 4.296814
4.125099 4.004093
4.053308 4.081660
4.073587 4.050190
4.091628 4.226477
4.083507 4.090766
4.193583 4.224161
4.061228 4.094790
4.048418 4.167131
4.051432 4.216298
4.084061 4.073120
4.110668 4.065298
4.087449 4.073817
4.057840 4.064087
4.077137 4.143514
4.062173 4.043375
4.101745 4.046312
4.095302 4.201607
4.066655 4.019485
4.069886 4.018452
4.109314 4.193161
4.126766 4.057638
4.046040 4.092038
4.114539 4.112759
4.056652 4.034616
4.096251 4.031354
4.069629 4.040767
4.066676 4.004568
4.052156 4.110023
4.064625 4.048783
4.129588 4.176061
4.076230 4.049451
4.061955 4.072978
4.108169 4.074670
4.054947 4.226583
4.140640 4.050322
4.050144 4.017239
4.164540 4.045819
4.101696 4.280324
4.145939 4.484068
4.101153 4.020575
4.058444 4.143479
4.121246 4.173930
4.107624 4.033713
4.062884 4.021208
4.065108 4.040571
4.188657 4.148154
4.072702 4.132183
4.063049 4.070291
4.062372 4.074746
4.045532 4.053286
4.085281 4.185935
4.054241 4.142496
4.068535 4.060047
4.051588 4.047198
4.100141 4.038446
4.081749 4.031398
4.083519 4.065784
4.061235 4.049908
4.044766 4.184254
4.102854 4.065343
4.106437 4.007126
4.139064 4.069599
4.049121 4.090645
4.183458 4.367073
4.037210 4.045209
4.045900 4.054121
4.064597 4.070726
4.057513 4.086131
4.057256 4.061938
4.027936 4.017426
4.124326 4.020840
4.091291 4.015723
4.098119 4.027244
4.061933 4.066895
4.062153 4.037271
4.101239 4.015808
4.053144 4.079528
4.031504 4.015535
4.069102 4.250260
4.097109 4.059888
4.106478 4.086715
4.055510 4.024846
4.070156 4.067110
4.050643 4.104784
4.082369 4.181290
4.042233 4.079505
4.019000 4.195899
4.165106 4.201234
4.061631 3.995594
4.092821 4.017577
4.077950 4.300444
4.047550 4.108751
4.084808 4.128046
4.081727 4.007702
4.020283 4.024000
4.038834 4.100603
4.058226 4.100217
4.047300 4.058923
4.037202 4.047836
4.146546 4.055541
4.098968 4.046954
4.035016 4.091051
4.051367 4.089996
4.078818 4.124163
4.116858 4.072558
4.042586 4.355640
4.059804 4.097047
4.081351 4.030098
4.117866 4.441388
4.084719 4.052309
4.044247 4.070184
4.026911 4.073179
4.022888 4.084347
4.024646 4.258850
4.091047 4.309887
4.031606 3.993054
4.040368 4.054477
4.084870 4.363683
4.081057 4.099817
4.100255 4.093481
4.030095 4.157035
4.049073 3.997080
4.164382 4.053807
4.069229 4.034624
4.040005 4.005849
4.060222 4.054245
4.032711 4.089332
4.089517 4.289987
4.065171 4.051612
4.059056 4.268116
4.077616 4.581077
4.059157 4.035057
4.039614 4.124300
4.064498 4.134644
4.067535 4.037237
4.088563 4.025023
4.097430 4.086484
4.045982 4.098954
4.057399 4.121722
4.079746 4.022278
4.010815 4.047608
4.070308 4.056427
4.012595 4.041209
4.116740 4.170794
4.072073 4.078695
4.074624 4.173048
4.058971 4.048034
4.013258 4.068599
4.024595 4.074711
4.046742 4.009809
4.071077 4.099597
4.057160 4.045893
4.045976 4.048923
4.036614 4.173345
4.010301 4.135949
4.046295 4.030952
4.052073 4.034725
4.039019 4.173644
4.028888 4.010473
4.065236 4.076928
4.050260 4.166491
4.018656 4.063581
4.097980 4.235396
4.075746 4.235295
4.104328 4.203723
4.139684 4.228279
4.105466 4.065719
4.040808 4.186080
4.040417 4.111738
4.052313 4.122386
4.039994 4.209473
4.091911 4.046272
4.051710 4.150736
4.053808 4.000857
4.011206 4.070620
4.013076 4.037473
4.024331 4.008217
4.021533 4.203508
4.036957 4.019243
4.070607 4.045639
4.035896 4.030635
4.123485 4.125768
4.071410 4.097558
4.082621 4.050383
4.005277 4.025469
4.049116 4.148078
4.065619 4.079093
4.072314 4.077174
4.027382 4.044271
4.030696 4.133695
4.065464 4.094175
4.017535 4.057856
4.043930 4.107975
4.051076 4.201798
4.031870 4.047869
4.066927 4.046817
4.016001 4.140151
4.057906 4.049599
4.084262 4.018204
4.072382 4.353092
4.108282 4.091675
4.046143 4.311881
4.033431 4.003856
4.038186 4.312553
4.044803 4.084444
4.016851 4.040798
4.032586 4.101197
4.033542 4.194175
4.006484 4.101571
4.040765 4.070564
4.019001 4.057831
4.012219 4.616716
4.055589 4.076288
4.016686 4.035351
4.052503 4.075589
4.007414 4.070774
4.030047 4.443718
4.022743 4.056627
4.045395 4.086943
4.047234 4.102909
4.012822 4.059719
4.022026 4.141295
4.010060 4.039673
4.030549 4.061262
4.000636 4.062860
4.025981 4.202915
4.032389 4.032765
4.026091 4.264018
4.085361 4.060435
