32.306216 17.338955
16.822973 15.595062
14.834482 14.000058
13.290304 12.838542
12.171579 11.943943
11.391057 11.214254
10.915664 10.850313
10.597011 10.531463
10.336521 10.286994
10.082434 10.099114
9.880783 9.850426
9.651869 9.535261
9.299864 9.282811
9.062971 9.039228
8.920822 8.947639
8.830197 8.898572
8.693647 8.844792
8.637553 8.829880
8.574375 8.674094
8.476888 8.547779
8.430107 8.540420
8.385854 8.413985
8.319214 8.349118
8.278901 8.345448
8.268683 8.285801
8.244892 8.233799
8.229436 8.204139
8.214125 8.199864
8.160533 8.166529
8.111446 8.135879
8.092710 8.083076
8.052049 8.063786
8.052521 8.042261
8.052501 8.006436
8.026035 8.046028
8.014122 8.008379
7.989521 8.031235
7.962533 8.002145
7.953378 7.959956
7.928980 8.036086
7.885927 7.988523
7.809618 7.969703
7.777283 7.971633
7.774742 7.951190
7.759013 7.927052
7.756040 7.896495
7.726572 7.868553
7.701032 7.829824
7.683765 7.832326
7.685079 7.933210
7.666687 7.830260
7.665805 7.794152
7.631927 7.805917
7.624466 7.794820
7.607984 7.781085
7.593380 7.731280
7.519075 7.640513
7.494944 7.644558
7.481726 7.654317
7.461593 7.636564
7.447592 7.640458
7.438981 7.609639
7.431270 7.640954
7.412707 7.652106
7.417417 7.589523
7.379975 7.547613
7.365138 7.553766
7.332403 7.564122
7.299590 7.548039
7.279914 7.495771
7.236380 7.428536
7.206054 7.440806
7.186317 7.443818
7.165407 7.432053
7.164161 7.452754
7.159874 7.355969
7.148731 7.360562
7.136552 7.395218
7.066072 7.183169
6.931945 6.972387
6.811896 6.959149
6.779284 6.908621
6.773907 6.926198
6.768998 6.922503
6.747825 6.963438
6.748319 6.886038
6.752761 6.900239
6.745461 6.935572
6.738819 6.962665
6.732841 6.889856
6.738625 6.887139
6.724899 6.866828
6.727250 6.907641
6.699291 6.860278
6.673439 6.807813
6.653829 6.741806
6.589456 6.644794
6.528555 6.672508
6.509632 6.688389
6.505695 6.623361
6.482101 6.651498
6.467911 6.610764
6.461099 6.605663
6.426434 6.597459
6.415213 6.600406
6.371685 6.503989
6.367000 6.510905
6.356526 6.498411
6.340815 6.544526
6.325055 6.527033
6.304979 6.500694
6.296121 6.466928
6.276596 6.458002
6.292121 6.434071
6.285346 6.409719
6.249443 6.423001
6.250961 6.365897
6.249524 6.355538
6.245416 6.364133
6.235568 6.340112
6.215226 6.350272
6.217118 6.349283
6.212561 6.423535
6.204222 6.369926
6.203811 6.396131
6.211618 6.358128
6.204128 6.330195
6.198141 6.308690
6.181107 6.324298
6.168447 6.347538
6.166807 6.335810
6.171668 6.298173
6.169567 6.325193
6.151899 6.259929
6.148151 6.276688
6.142853 6.268914
6.137971 6.299116
6.133519 6.298724
6.141661 6.267039
6.125273 6.292078
6.106268 6.230201
6.082311 6.134480
6.032747 6.173048
6.020568 6.166561
6.017372 6.202033
6.015223 6.177400
6.019643 6.146715
5.971580 6.065817
5.964596 6.082712
5.960891 6.126266
5.954617 6.091726
5.948470 6.096604
5.946573 6.057673
5.932792 6.103588
5.940726 6.046536
5.931791 6.144707
5.927827 6.072957
5.913117 6.098524
5.917530 6.084604
5.915158 6.113067
5.920290 6.102474
5.904280 6.036199
5.880841 6.058364
5.871032 6.032619
5.861695 6.050457
5.875520 6.039071
5.863106 6.082524
5.864212 6.006510
5.853663 6.036239
5.836504 6.042153
5.838883 6.015585
5.833728 6.059832
5.833611 6.010207
5.821872 6.022401
5.812761 6.044440
5.813546 5.979304
5.798196 5.964248
5.824422 6.016945
5.804894 6.045569
5.801417 5.955412
5.751372 5.938133
5.737207 5.971320
5.749208 5.928043
5.747082 5.950214
5.730744 6.034279
5.701903 5.919385
5.671393 5.926662
5.680124 5.927353
5.678506 5.893502
5.673688 5.951643
5.678493 5.951206
5.679657 5.908543
5.673011 5.927066
5.661164 5.922457
5.655285 5.940641
5.640665 5.872157
5.633223 5.876791
5.627074 5.895683
5.628371 5.878719
5.622792 5.911984
5.624709 5.889548
5.608473 5.936149
5.626944 5.908220
5.618360 5.865508
5.609049 5.922904
5.618980 5.883081
5.618259 5.879555
5.613380 5.933554
5.607121 5.846531
5.590368 5.912109
5.591649 5.886445
5.599533 5.866228
5.598931 5.953777
5.585929 5.925299
5.595715 5.946745
5.595650 5.937895
5.590315 5.912165
5.592147 5.897617
5.573056 5.895008
5.594880 5.858323
5.554620 5.846117
5.501999 5.785594
5.474740 5.742182
5.485795 5.775136
5.475205 5.725758
5.482061 5.751496
5.480938 5.742421
5.479319 5.760204
5.464845 5.786102
5.461428 5.762545
5.483062 5.813212
5.469766 5.800797
5.471001 5.812261
5.463461 5.740224
5.464265 5.777952
5.467638 5.754793
5.461076 5.719812
5.464580 5.810299
5.474591 5.785487
5.464346 5.778607
5.456888 5.781154
5.465275 5.764909
5.464005 5.761273
5.462129 5.734891
5.456608 5.726430
5.467158 5.762965
5.462960 5.827300
5.471263 5.786250
5.458155 5.750217
5.462003 5.774898
5.471936 5.794550
5.477050 5.762721
5.461726 5.782947
5.466182 5.777442
5.460456 5.748477
5.455181 5.818738
5.468100 5.762852
5.463322 5.765780
5.472143 5.784129
5.458182 5.811109
5.468129 5.777677
5.449556 5.747272
5.435176 5.753107
5.444983 5.806887
5.443461 5.718492
5.440281 5.781209
5.443785 5.766783
5.442574 5.756815
5.446907 5.759481
5.437573 5.722949
5.432636 5.777242
5.443684 5.724855
5.426595 5.719736
5.431016 5.786088
5.425619 5.742014
5.420394 5.771069
5.415172 5.690618
5.419892 5.722886
5.410246 5.781885
5.414918 5.712764
5.417844 5.701506
5.408766 5.746631
5.415598 5.738439
5.417243 5.725957
5.420554 5.713369
5.428966 5.746122
5.407777 5.751008
5.422054 5.721611
5.406083 5.682204
5.365766 5.741157
5.376528 5.730453
5.371956 5.675750
5.365728 5.675940
5.365578 5.741613
5.375905 5.714928
5.364756 5.760201
5.373159 5.668200
5.373895 5.683186
5.365083 5.681029
5.366241 5.677367
