20.151859 9.785562
8.557109 7.903484
6.893700 6.445663
5.678050 5.654659
5.025254 5.346834
4.723401 5.107776
4.474758 4.967920
4.330777 4.807374
4.206173 4.745282
4.124307 4.608891
4.029033 4.556587
3.963104 4.459124
3.886156 4.406105
3.825400 4.367545
3.757704 4.305172
3.692892 4.281265
3.628882 4.207221
3.583199 4.091959
3.537404 4.017676
3.481388 3.999598
3.451800 3.974826
3.415900 3.878041
3.376747 3.942701
3.340972 3.833693
3.312612 3.785717
3.260044 3.688012
3.225335 3.633458
3.194355 3.808632
3.181246 3.675838
3.179123 3.607349
3.145173 3.647478
3.132992 3.525789
3.115364 3.540232
3.097008 3.474972
3.069317 3.547585
3.053128 3.428574
3.020773 3.435691
3.011657 3.450677
3.004231 3.392461
2.992544 3.386530
2.994913 3.396915
2.989185 3.355540
2.951783 3.453338
2.949753 3.346345
2.947401 3.353520
2.920393 3.343385
2.921018 3.342522
2.897971 3.311888
2.893170 3.296299
2.894136 3.337582
2.896569 3.285899
2.884365 3.267970
2.875785 3.290425
2.874132 3.347570
2.866577 3.282938
2.852915 3.270614
2.859687 3.290933
2.852250 3.324733
2.852147 3.278219
2.827781 3.277097
2.825517 3.324206
2.819604 3.218166
2.799759 3.249235
2.799977 3.253559
2.794537 3.218152
2.798132 3.195911
2.783287 3.230079
2.776008 3.188859
2.767611 3.180197
2.772304 3.170229
2.750722 3.219380
2.753768 3.205939
2.760373 3.193678
2.737534 3.174132
2.736654 3.160093
2.723576 3.174068
2.720468 3.141094
2.720600 3.176692
2.698825 3.130249
2.696141 3.170250
2.692236 3.152428
2.688629 3.132443
2.690518 3.156513
2.675795 3.115026
2.664715 3.090026
2.661534 3.096639
2.673533 3.082083
2.665384 3.108474
2.665068 3.101157
2.649767 3.128809
2.655041 3.078045
2.653563 3.100509
2.644535 3.150155
2.657748 3.062514
2.649497 3.066349
2.641481 3.087615
2.642108 3.117522
2.639174 3.040370
2.635516 3.076363
2.626253 3.081173
2.634922 3.044490
2.624832 3.116175
2.619089 3.046200
2.606071 3.077836
2.608537 3.050824
2.608607 3.021094
2.613964 3.017757
2.603074 2.996946
2.600022 3.002188
2.600510 3.005599
2.593630 3.042074
2.585163 3.044469
2.578735 3.028853
2.585259 3.033951
2.579137 3.007437
2.577988 3.017394
2.578249 2.997112
2.581463 3.006170
2.575407 2.965674
2.567354 2.989932
2.585573 2.966379
2.571124 2.989059
2.578706 2.976268
2.562205 3.016343
2.566413 2.963893
2.572543 2.965902
2.563958 3.014787
2.566382 2.942928
2.557819 2.961695
2.554922 2.967888
2.562581 2.957662
2.557598 2.974607
2.545387 2.991262
2.550709 2.974890
2.548288 2.966692
2.554388 2.961551
2.559755 2.947127
2.535117 2.977346
2.552105 2.975545
2.543943 2.958196
2.543706 2.916375
2.544478 2.939472
2.538977 2.894108
2.538293 2.912086
2.535313 2.975604
2.553708 2.948143
2.537291 2.925145
2.534536 2.911241
2.532043 2.897180
2.523319 2.976910
2.534541 2.966995
2.525996 2.933214
2.529994 2.942152
2.527223 2.930923
2.523158 2.948822
2.520730 2.932766
2.526575 2.887969
2.519108 2.892892
2.520932 2.893206
2.511973 2.962942
2.523932 3.007864
2.513047 2.946362
2.525781 2.868355
2.511593 2.930229
2.502249 2.971271
2.519624 2.901746
2.506925 2.914269
2.500953 2.944827
2.519709 2.883305
2.494360 2.861626
2.507632 2.949867
2.495829 2.912623
2.502216 2.899654
2.494017 2.893714
2.497484 2.876730
2.491530 2.913325
2.499813 2.899731
2.494429 2.941015
2.497097 2.897957
2.486159 2.890822
2.490905 2.904292
2.491799 2.873588
2.496813 2.894851
2.477839 2.869829
2.489979 2.869379
2.493281 2.912385
2.478343 2.916074
2.490117 2.868188
2.478720 2.896242
2.478781 2.821829
2.477517 2.888266
2.480232 2.852536
2.489474 2.834374
2.478947 2.899809
2.481629 2.863159
2.479349 2.864318
2.479571 2.877857
2.480481 2.835135
2.476654 2.830106
2.475812 2.871961
2.479385 2.867439
2.475163 2.887843
2.475000 2.843901
2.469910 2.837796
2.478502 2.841875
2.469406 2.896926
2.473914 2.864285
2.476684 2.859955
2.463441 2.853959
2.470702 2.841789
2.471445 2.858630
2.466031 2.850296
2.465234 2.871881
2.462278 2.893198
2.452063 2.849061
2.448143 2.841393
2.460447 2.868668
2.452942 2.860290
2.454385 2.821206
2.462166 2.871133
2.458150 2.805935
2.463195 2.827150
2.455846 2.885525
2.463376 2.844125
2.453024 2.855933
2.445371 2.817508
2.463648 2.810990
2.455571 2.851768
2.440482 2.878140
2.455294 2.821376
2.453855 2.870393
2.450378 2.854939
2.444718 2.830840
2.445508 2.842071
2.433293 2.821966
2.431668 2.825979
2.424061 2.848928
2.434202 2.861998
2.440592 2.834708
2.440459 2.849570
2.424064 2.817056
2.434473 2.823895
2.430531 2.796132
2.425144 2.916185
2.428719 2.830387
2.423603 2.840726
2.439110 2.808928
2.429298 2.807720
2.422389 2.828928
2.429775 2.821849
2.436052 2.815004
2.422513 2.856419
2.428473 2.847238
2.435206 2.821431
2.434881 2.826564
2.425026 2.792790
2.426369 2.873703
2.430312 2.808396
2.429334 2.813899
2.415778 2.789074
2.415584 2.828110
2.423263 2.855558
2.429581 2.845672
2.425703 2.842777
2.426171 2.801159
2.419059 2.846045
2.425925 2.788158
2.421271 2.837285
2.420487 2.762934
2.417039 2.848592
2.420503 2.787876
2.417129 2.806508
2.414723 2.853642
2.427407 2.806070
2.425084 2.790395
2.408872 2.804902
2.407262 2.860657
2.413313 2.771737
2.416787 2.806940
2.411727 2.797547
2.408589 2.767675
2.414248 2.922182
2.416699 2.791552
2.409618 2.766690
2.408649 2.752107
2.421472 2.773425
2.414598 2.824355
2.417647 2.834734
2.409634 2.813721
2.417626 2.762881
2.412713 2.773353
2.406443 2.789340
2.411822 2.790550
2.417533 2.744071
2.399517 2.778860
2.420847 2.747918
2.418534 2.797550
2.410483 2.777388
2.407067 2.788114
2.413946 2.788505
