82.677372 20.350552
12.599359 10.000507
8.190609 8.597073
6.987477 7.684466
6.084970 6.765149
5.211407 5.716072
4.520513 5.353637
4.071508 4.998149
3.687505 4.579195
3.400458 4.305554
3.201683 4.188832
3.044694 4.059639
2.920343 3.820871
2.825560 3.737474
2.724592 3.812809
2.650802 3.709576
2.558132 3.621486
2.524032 3.475275
2.450662 3.428302
2.421413 3.507852
2.383942 3.427653
2.342663 3.288149
2.296081 3.281314
2.254907 3.290935
2.200577 3.202155
2.150092 3.060829
2.116479 3.056631
2.095054 3.146306
2.059487 3.045483
2.056224 3.151617
2.011046 2.940922
1.999349 3.138542
1.973009 2.892551
1.974548 2.947478
1.939657 2.903429
1.921882 2.939529
1.908564 2.824843
1.893660 2.906392
1.855114 2.935078
1.859726 2.858310
1.854982 2.860858
1.841875 2.878745
1.810372 2.891269
1.809964 2.789206
1.800353 2.762922
1.774808 2.851830
1.779698 2.914904
1.784161 2.803155
1.753285 2.772791
1.758558 2.705338
1.732713 2.845724
1.727863 2.767252
1.699451 2.698019
1.716631 2.728756
1.701526 2.659071
1.671272 2.608797
1.665488 2.636949
1.668749 2.646078
1.644337 2.513558
1.650589 2.662031
1.643049 2.558571
1.631916 2.632045
1.620200 2.577785
1.622433 2.536625
1.605757 2.586967
1.579931 2.633296
1.585415 2.605360
1.594919 2.611068
1.577207 2.429028
1.559455 2.627887
1.576456 2.489644
1.560774 2.466822
1.573048 2.537902
1.559287 2.511740
1.542798 2.524161
1.560216 2.431783
1.542655 2.467940
1.559068 2.500453
1.533511 2.407042
1.534408 2.555671
1.531136 2.540338
1.539930 2.553877
1.512205 2.451454
1.514724 2.355069
1.537598 2.456497
1.495879 2.530807
1.516352 2.397445
1.496811 2.462689
1.509704 2.375349
1.517323 2.393567
1.520910 2.394715
1.499514 2.423996
1.503326 2.396083
1.468314 2.451205
1.513249 2.376991
1.481286 2.444090
1.476683 2.421808
1.486060 2.418455
1.486096 2.431015
1.478771 2.407732
1.488184 2.420587
1.469372 2.395006
1.478526 2.389137
1.495162 2.422220
1.467412 2.402144
1.443879 2.321110
1.492668 2.354849
1.458870 2.385004
1.444163 2.343902
1.448079 2.383371
1.445557 2.427153
1.446605 2.367503
1.462531 2.385951
1.459688 2.306320
1.466700 2.574549
1.437912 2.400743
1.452514 2.352153
1.443198 2.412229
1.438755 2.398825
1.448184 2.354248
1.433263 2.333307
1.442491 2.450712
1.449718 2.448947
1.425498 2.375345
1.464262 2.403206
1.465360 2.415068
1.444188 2.397698
1.447287 2.386333
1.459400 2.456492
1.443447 2.466806
1.459939 2.503254
1.461487 2.384887
1.456035 2.412740
1.436209 2.395751
1.435868 2.407141
1.458469 2.399918
1.427372 2.325473
1.445738 2.506621
1.452845 2.345968
1.454154 2.387012
1.422829 2.340880
1.430988 2.370048
1.425506 2.400786
1.460271 2.389966
1.433736 2.445385
1.456084 2.393812
1.435044 2.436281
1.436151 2.480863
1.432464 2.314077
1.451257 2.263701
1.421171 2.323453
1.438674 2.376015
1.453506 2.366174
1.444408 2.360865
1.443364 2.318337
1.428622 2.437490
1.438370 2.268362
1.435455 2.360943
1.449246 2.434281
1.444874 2.498632
1.432466 2.494151
1.442891 2.440851
1.407215 2.411627
1.422119 2.360049
1.440280 2.341897
1.420833 2.267520
1.418874 2.357833
1.428936 2.406631
1.440959 2.374243
1.425809 2.398948
1.462353 2.368210
1.451461 2.269832
1.425582 2.404630
1.459724 2.381117
1.417337 2.424706
1.421425 2.326384
1.421945 2.427466
1.412242 2.288145
1.425593 2.339523
1.416984 2.393593
1.403203 2.362321
1.445834 2.424694
1.423092 2.359246
1.434561 2.576934
1.409260 2.464731
1.411853 2.490445
1.406251 2.445186
1.408594 2.366026
1.411022 2.411596
1.428372 2.405959
1.434271 2.456187
1.401571 2.450738
1.402880 2.469683
1.427042 2.546417
1.415558 2.393152
1.453544 2.347566
1.422775 2.418671
1.415901 2.486948
1.410908 2.405864
1.413929 2.392951
1.399948 2.381946
1.412920 2.337790
1.381826 2.521595
1.410363 2.529124
1.410451 2.443960
1.403054 2.372512
1.411772 2.505818
1.407215 2.460279
1.412702 2.376837
1.402627 2.438004
1.429227 2.485952
1.398634 2.548598
1.424748 2.422997
1.417789 2.524459
1.425163 2.491896
1.412393 2.534226
1.421851 2.410039
1.404119 2.277106
1.413593 2.384230
1.420322 2.428615
1.424115 2.345813
1.393946 2.415047
1.398159 2.432869
1.395526 2.268174
1.399386 2.417973
1.394565 2.310399
1.416406 2.339257
1.383850 2.235062
1.389031 2.372046
1.412111 2.341406
1.417468 2.357369
1.405008 2.355408
1.405089 2.282673
1.406152 2.334628
1.403703 2.340347
1.382296 2.363703
1.394633 2.359380
1.403431 2.229190
1.436458 2.397517
1.431182 2.243309
1.423470 2.342188
1.415623 2.338845
1.409347 2.301197
1.406575 2.254625
1.417986 2.378836
1.399839 2.273189
1.380618 2.374274
1.387539 2.279062
1.381412 2.366786
1.385997 2.308965
1.403070 2.312508
1.405705 2.377629
1.399688 2.404394
1.396500 2.267501
1.373873 2.393028
1.387473 2.326888
1.395018 2.356969
1.379451 2.314196
1.392520 2.353939
1.385009 2.342603
1.398225 2.431713
1.405581 2.376994
1.404162 2.341427
1.406359 2.384308
1.390820 2.323774
1.379708 2.333915
1.375372 2.427890
1.414330 2.252064
1.412783 2.352473
1.388259 2.359213
1.382516 2.327156
1.407854 2.375955
1.378738 2.315537
1.407256 2.372574
1.394288 2.379188
1.416249 2.231179
1.372224 2.338790
1.386402 2.416931
1.404771 2.376120
1.375647 2.286608
1.393281 2.279734
1.405979 2.449232
1.395535 2.360985
1.409652 2.339671
1.383909 2.446624
1.394156 2.441432
1.383526 2.415887
1.395544 2.342254
1.396023 2.391823
1.397132 2.461585
1.384515 2.225657
1.362900 2.361124
1.387131 2.266429
1.407512 2.294324
1.393784 2.456151
1.389945 2.326505
1.387186 2.332943
1.383167 2.352379
1.378883 2.402023
1.380344 2.351585
