123.986984 72.524391
39.637233 22.177204
14.440010 10.842354
8.868657 8.008641
7.106642 6.274204
6.023498 5.187098
5.122232 4.297384
4.165408 3.491994
3.579224 3.054182
3.133045 2.685053
2.722064 2.348934
2.354866 2.062655
2.074892 1.835567
1.893886 1.733561
1.739919 1.621165
1.637177 1.558340
1.549614 1.511099
1.481016 1.470309
1.424823 1.404081
1.373072 1.381976
1.319707 1.317377
1.277399 1.315429
1.247546 1.280113
1.207623 1.234773
1.154836 1.198727
1.122741 1.130037
1.102796 1.086501
1.079833 1.085994
1.054836 1.064834
1.035327 1.070283
1.019635 1.047670
1.011274 1.032810
1.007438 1.034308
0.994103 1.048387
0.973063 1.028129
0.965900 1.006143
0.960093 1.028633
0.954589 1.049212
0.946038 1.017555
0.931912 0.991610
0.924861 1.012664
0.910271 0.999114
0.904523 0.968691
0.906093 0.948731
0.885503 0.966684
0.883166 0.951226
0.876008 0.967317
0.874905 0.953925
0.856946 0.965666
0.866171 0.967770
0.849503 0.963968
0.841831 0.948763
0.839613 0.940687
0.840307 0.914080
0.821768 0.959662
0.821150 0.930417
0.832249 0.931378
0.819510 0.925656
0.817205 0.897841
0.792417 0.920069
0.808142 0.880393
0.783186 0.877912
0.777816 0.874672
0.767942 0.881814
0.769308 0.907855
0.761619 0.883065
0.766365 0.899951
0.755081 0.833601
0.751012 0.865148
0.770469 0.865131
0.749982 0.853937
0.745153 0.845241
0.746010 0.853859
0.751361 0.831454
0.739169 0.830163
0.756467 0.827831
0.751253 0.817860
0.736785 0.814712
0.739590 0.836005
0.727867 0.864635
0.733659 0.803735
0.741371 0.787905
0.713282 0.811457
0.707255 0.810549
0.698696 0.805479
0.701011 0.804796
0.695381 0.799411
0.697187 0.835345
0.695532 0.804702
0.689151 0.790395
0.691479 0.792805
0.685758 0.805231
0.684617 0.814618
0.693023 0.778690
0.686727 0.785782
0.697696 0.804564
0.692249 0.802551
0.692206 0.794315
0.690609 0.812038
0.695824 0.789265
0.702718 0.776806
0.703042 0.798636
0.683912 0.792441
0.694892 0.802128
0.688704 0.840725
0.686824 0.798392
0.683394 0.795472
0.690686 0.779138
0.689441 0.807577
0.679714 0.805638
0.694868 0.777741
0.687794 0.805537
0.691406 0.793194
0.694003 0.788917
0.680460 0.795019
0.691534 0.793051
0.687714 0.809979
0.692175 0.802661
0.687160 0.798040
0.682942 0.785739
0.682461 0.791616
0.682352 0.811535
0.686041 0.857339
0.687760 0.764798
0.683580 0.810910
0.687028 0.789564
0.693804 0.818090
0.682696 0.812587
0.691685 0.791871
0.685370 0.800455
0.684194 0.816300
0.686747 0.825010
0.682096 0.768319
0.685097 0.783949
0.673299 0.786991
0.678520 0.789236
0.701916 0.796368
0.682436 0.788790
0.687321 0.787484
0.683302 0.776970
0.682240 0.795957
0.678412 0.788670
0.677605 0.776832
0.670938 0.777658
0.674622 0.785924
0.678570 0.752863
0.673460 0.796356
0.674870 0.773886
0.672796 0.783871
0.668018 0.759725
0.683824 0.757188
0.685249 0.822983
0.669991 0.799040
0.676794 0.785053
0.663370 0.782606
0.670423 0.776147
0.662940 0.805832
0.669548 0.805385
0.670671 0.800436
0.680330 0.809153
0.675280 0.787242
0.666065 0.792311
0.671019 0.793925
0.668734 0.797166
0.675743 0.758073
0.668886 0.751517
0.673078 0.790877
0.664860 0.790222
0.668703 0.788228
0.660023 0.796411
0.672346 0.800139
0.675209 0.800979
0.666956 0.781345
0.667093 0.787205
0.677700 0.780927
0.665002 0.803047
0.667812 0.804471
0.677244 0.802217
0.677411 0.764378
0.671579 0.812066
0.668807 0.799983
0.677883 0.775357
0.671118 0.764055
0.662026 0.783998
0.677446 0.820771
0.671446 0.815320
0.680411 0.762443
0.678585 0.798225
0.660239 0.798646
0.681608 0.778121
0.663600 0.848528
0.667485 0.790051
0.675425 0.753238
0.669418 0.793603
0.674234 0.786576
0.672358 0.800382
0.658536 0.793451
0.665159 0.800101
0.681233 0.764929
0.673612 0.789617
0.672264 0.774816
0.668582 0.793404
0.672075 0.779106
0.675826 0.781036
0.665975 0.780708
0.669879 0.752502
0.668804 0.780605
0.677829 0.779426
0.677190 0.767096
0.666502 0.799494
0.673327 0.797535
0.672814 0.791777
0.670374 0.774383
0.670269 0.767855
0.665241 0.780858
0.674523 0.807384
0.684914 0.769234
0.665175 0.797790
0.674304 0.815982
0.670781 0.776050
0.674447 0.816156
0.667448 0.783424
0.671534 0.740249
0.665566 0.837573
0.671249 0.769206
0.667642 0.779823
0.664260 0.796822
0.669762 0.800020
0.670926 0.752553
0.672852 0.820240
0.672599 0.783183
0.660001 0.792060
0.665775 0.766988
0.670341 0.773505
0.671393 0.790265
0.672046 0.779476
0.671463 0.778483
0.670933 0.803050
0.667427 0.796182
0.673191 0.778096
0.680886 0.830925
0.678887 0.744768
0.669357 0.764003
0.662102 0.774857
0.662597 0.830376
0.682604 0.772221
0.670857 0.793340
0.663567 0.783176
0.668695 0.788897
0.668754 0.802446
0.664816 0.778065
0.668868 0.830408
0.666947 0.783219
0.665478 0.761134
0.664796 0.802377
0.669129 0.804250
0.660019 0.790557
0.672345 0.746325
0.670910 0.816226
0.670829 0.785897
0.665849 0.800627
0.663892 0.784388
0.663549 0.780269
0.664092 0.783422
0.663591 0.758709
0.667745 0.809439
0.671476 0.777615
0.668694 0.766513
0.665794 0.799478
0.667815 0.789323
0.658381 0.826850
0.662847 0.794785
0.658258 0.779451
0.663155 0.804992
0.663221 0.772856
0.659693 0.812350
0.658850 0.759228
0.655685 0.806055
0.657966 0.832381
0.658759 0.784993
0.659111 0.802942
0.660870 0.793109
0.663890 0.780017
0.661533 0.842613
0.658562 0.763219
0.659465 0.768914
0.650166 0.795019
0.649912 0.794435
0.666246 0.780279
0.661017 0.797870
0.663025 0.788013
0.660737 0.784767
0.658092 0.789014
0.661907 0.787147
0.672976 0.834466
0.671467 0.812277
0.657345 0.794159
0.651695 0.791031
0.670775 0.798075
0.665454 0.789476
