40.655173 16.941330
13.095726 10.882999
8.946005 7.957057
6.203099 6.972720
5.136066 6.051877
4.468268 5.326271
3.915753 4.651918
3.418504 4.128344
3.031823 3.755296
2.756071 3.441530
2.556982 3.170253
2.374547 2.933448
2.223644 2.711893
2.088173 2.547265
1.967686 2.385265
1.863935 2.272296
1.770737 2.167779
1.691184 2.092758
1.637094 2.059518
1.596582 2.011003
1.563323 2.004819
1.528697 1.982663
1.501827 1.943759
1.486000 1.945060
1.473446 1.907740
1.457317 1.878309
1.431552 1.820106
1.411216 1.786640
1.398499 1.771580
1.382582 1.743672
1.372330 1.731311
1.368203 1.722137
1.357107 1.677248
1.348950 1.705713
1.329397 1.699452
1.324410 1.666378
1.328538 1.693521
1.312664 1.662005
1.309750 1.661131
1.302924 1.656539
1.300541 1.615725
1.291193 1.607953
1.286925 1.595036
1.266346 1.546496
1.275698 1.579293
1.265863 1.559639
1.260825 1.556623
1.263958 1.551963
1.261457 1.564533
1.252918 1.560269
1.243553 1.541046
1.243097 1.593841
1.239234 1.596247
1.246627 1.544918
1.229930 1.569110
1.239016 1.530716
1.229447 1.512961
1.227553 1.507392
1.229286 1.559205
1.222075 1.535530
1.223648 1.512024
1.212577 1.533739
1.215024 1.547244
1.214894 1.499410
1.204280 1.499859
1.195399 1.489677
1.190910 1.462608
1.185428 1.479990
1.185486 1.477761
1.181086 1.463551
1.172778 1.491194
1.177942 1.466510
1.167336 1.461313
1.170756 1.478381
1.174028 1.508753
1.172403 1.462587
1.168156 1.454431
1.166364 1.468274
1.161035 1.453563
1.165610 1.430941
1.169056 1.458004
1.162094 1.473790
1.155067 1.447263
1.157458 1.431803
1.157761 1.483566
1.140709 1.415113
1.147469 1.398763
1.133734 1.384628
1.125067 1.398978
1.119479 1.348176
1.102646 1.358482
1.087284 1.373624
1.092199 1.352482
1.082739 1.383112
1.081653 1.335001
1.066675 1.348777
1.077209 1.271410
1.083926 1.319528
1.073722 1.365985
1.069198 1.361433
1.071338 1.319202
1.066952 1.330417
1.067243 1.348295
1.068566 1.316788
1.062213 1.347195
1.069226 1.356747
1.059776 1.327132
1.065604 1.328368
1.066542 1.335469
1.059569 1.318611
1.062039 1.347121
1.058780 1.376569
1.062590 1.343619
1.063391 1.340593
1.060090 1.334810
1.054556 1.329465
1.061675 1.323065
1.055806 1.340762
1.056007 1.326477
1.053799 1.341677
1.058605 1.317457
1.051488 1.313569
1.053649 1.309312
1.053232 1.328318
1.057371 1.310559
1.046148 1.335831
1.053727 1.310508
1.050015 1.323351
1.055500 1.292293
1.041768 1.306657
1.054920 1.329896
1.045291 1.329006
1.053028 1.298579
1.046556 1.296785
1.039077 1.344338
1.047233 1.379682
1.053406 1.310278
1.050680 1.307926
1.045423 1.309648
1.046656 1.321135
1.050386 1.376579
1.050702 1.297223
1.041915 1.346706
1.041538 1.354836
1.038171 1.303089
1.044016 1.330955
1.049491 1.299558
1.042816 1.327420
1.051133 1.330422
1.041025 1.297794
1.049934 1.337059
1.041087 1.309130
1.042933 1.313351
1.047141 1.301373
1.044493 1.323253
1.042819 1.335963
1.038731 1.352117
1.035265 1.335189
1.044008 1.321157
1.040768 1.313495
1.043688 1.332353
1.041390 1.294639
1.042659 1.299503
1.048608 1.320669
1.031147 1.338285
1.044687 1.337581
1.041366 1.286774
1.039351 1.292515
1.044246 1.326216
1.038660 1.312332
1.040222 1.310295
1.033922 1.309847
1.036274 1.312400
1.036175 1.302561
1.040795 1.283033
1.041064 1.314189
1.034852 1.338714
1.031089 1.289408
1.035676 1.297381
1.037898 1.325256
1.037722 1.286553
1.032520 1.327731
1.028168 1.290616
1.037832 1.332966
1.031440 1.321149
1.030800 1.290303
1.042680 1.290905
1.036769 1.304987
1.046888 1.315797
1.031323 1.260661
1.039555 1.292523
1.031704 1.355678
1.045989 1.290893
1.042527 1.304062
1.035399 1.291535
1.035282 1.276952
1.037069 1.356042
1.047100 1.284632
1.031680 1.300701
1.031326 1.308166
1.032705 1.322685
1.043628 1.314458
1.036210 1.290600
1.038197 1.326807
1.047804 1.299896
1.043377 1.294221
1.040298 1.340419
1.039021 1.324462
1.029166 1.308026
1.036952 1.354330
1.040599 1.294500
1.031581 1.310187
1.036010 1.295432
1.030106 1.265230
1.033681 1.308882
1.039816 1.300283
1.042635 1.290157
1.036227 1.314027
1.039750 1.328075
1.036859 1.296932
1.039270 1.299224
1.037401 1.303863
1.033553 1.306439
1.039412 1.307190
1.037513 1.321671
1.037283 1.298689
1.031460 1.320348
1.029765 1.320314
1.021782 1.319579
1.018405 1.313964
1.020161 1.288598
1.016282 1.306078
1.012951 1.280778
1.009693 1.326376
1.014780 1.288077
1.012352 1.295648
0.998507 1.272694
1.015787 1.301283
1.006944 1.318930
1.006049 1.291741
1.006997 1.277092
1.016107 1.310567
1.017786 1.280689
1.011512 1.280454
1.011314 1.272945
1.016214 1.285574
1.013385 1.273863
1.014876 1.265833
1.013671 1.280529
1.020464 1.270589
1.010712 1.267995
0.999524 1.344058
1.013543 1.276840
1.010938 1.319597
1.020497 1.268929
1.017140 1.291380
1.007691 1.289397
1.005627 1.320819
1.010789 1.283309
1.008401 1.279636
1.004474 1.298773
1.010578 1.251234
1.011479 1.301626
1.010295 1.308467
1.016050 1.275718
1.006679 1.297868
1.006866 1.281494
1.008246 1.288503
1.012767 1.285843
1.010364 1.292953
1.009532 1.286737
1.017559 1.286707
1.008805 1.277574
1.001962 1.264057
1.010562 1.301908
1.015793 1.276029
1.015307 1.288852
1.007523 1.262750
1.008096 1.261336
1.010397 1.302288
1.013455 1.275493
1.011936 1.268711
1.006599 1.308619
1.018774 1.275215
1.004556 1.297276
1.013512 1.302476
1.012375 1.265851
1.020287 1.266097
1.007512 1.261953
0.999704 1.283175
1.011107 1.274927
1.002182 1.284840
1.007988 1.272343
1.007897 1.270676
1.012705 1.304286
1.016722 1.299639
1.007418 1.279307
1.014520 1.292838
1.015879 1.301729
1.010314 1.270081
