102.999119 39.072464
21.234117 13.405666
11.241713 11.078231
9.218656 9.792042
7.636316 8.338216
6.404819 7.235766
5.468934 6.500466
4.797484 6.054587
4.352761 5.674361
3.923057 5.262563
3.611150 4.991043
3.401946 4.707880
3.246219 4.501851
3.097298 4.450288
2.990418 4.130579
2.856645 3.960097
2.758110 3.903176
2.676802 3.766229
2.608046 3.673926
2.534833 3.752824
2.499690 3.481578
2.428172 3.376664
2.370814 3.398812
2.320662 3.295543
2.254238 3.229939
2.182236 2.993500
2.092229 2.972436
2.035987 2.881993
1.998820 2.889019
1.964142 2.814854
1.943899 2.790783
1.917669 2.798220
1.882637 2.661248
1.842334 2.596790
1.824693 2.711061
1.815791 2.538289
1.800246 2.548995
1.768926 2.531671
1.733780 2.563589
1.718276 2.477740
1.708791 2.463132
1.694518 2.423789
1.686657 2.452162
1.677979 2.373378
1.653767 2.415708
1.644707 2.324314
1.637394 2.266258
1.622728 2.205701
1.600737 2.192584
1.597773 2.200599
1.587440 2.135257
1.579677 2.111022
1.561942 2.142115
1.558235 2.074691
1.550625 2.111725
1.542451 2.028667
1.534824 2.093415
1.516004 2.078768
1.518764 2.069580
1.499320 2.109896
1.497101 2.028737
1.494092 2.004160
1.495091 2.006036
1.468221 2.001662
1.458729 1.976314
1.456439 1.986817
1.451738 1.992905
1.442348 2.014761
1.438346 2.010780
1.430990 1.925732
1.403079 1.977131
1.422129 1.909063
1.402728 1.929248
1.402394 1.907721
1.403159 1.861896
1.394472 1.960375
1.373080 1.931404
1.389187 1.888077
1.374331 1.898376
1.379011 1.889637
1.372773 1.889230
1.373507 1.904381
1.388760 1.916518
1.360192 1.883363
1.364735 1.896122
1.356731 1.927006
1.347323 1.892348
1.348794 1.846918
1.350752 1.846356
1.348995 1.893729
1.345245 1.864430
1.361251 1.874456
1.351403 1.841370
1.342969 1.913797
1.339441 1.902853
1.336053 1.848270
1.337885 1.851563
1.331658 1.844609
1.340734 1.827504
1.343863 1.879213
1.323757 1.851931
1.337807 1.819129
1.343107 1.863239
1.325211 1.842196
1.326474 1.812513
1.324194 1.852055
1.334008 1.857772
1.350551 1.860225
1.333833 1.820678
1.321645 1.832381
1.325681 1.894774
1.332813 1.838672
1.335969 1.811253
1.315045 1.881852
1.318044 1.818269
1.307212 1.808008
1.329518 1.791228
1.331865 1.840548
1.302725 1.884218
1.330219 1.864593
1.319932 1.861067
1.313981 1.875820
1.319779 1.825346
1.313312 1.841914
1.309806 1.838816
1.312147 1.769167
1.309171 1.855287
1.300061 1.832976
1.300757 1.887559
1.314118 1.817269
1.302610 1.800295
1.310760 1.820011
1.306770 1.790174
1.300815 1.837153
1.309793 1.814351
1.307624 1.800164
1.309471 1.875895
1.316050 1.817980
1.318279 1.803743
1.306612 1.774965
1.307222 1.775489
1.305566 1.753779
1.328082 1.875415
1.309178 1.718506
1.291318 1.793296
1.307851 1.847295
1.302919 1.810945
1.289163 1.764501
1.296767 1.824625
1.291103 1.753981
1.302880 1.769443
1.303804 1.787866
1.299599 1.757581
1.297155 1.838464
1.299482 1.854013
1.307276 1.746749
1.290812 1.803341
1.298676 1.796433
1.299710 1.779448
1.306770 1.758526
1.291551 1.822439
1.305775 1.734787
1.301867 1.830724
1.300536 1.785476
1.308916 1.796365
1.306510 1.810460
1.302690 1.783798
1.300875 1.830012
1.303616 1.772796
1.289891 1.844278
1.289761 1.820560
1.291534 1.814972
1.282059 1.761397
1.298183 1.855676
1.306743 1.795058
1.301247 1.768836
1.310140 1.803395
1.288390 1.792458
1.301820 1.836654
1.310252 1.771297
1.298602 1.796450
1.288199 1.865543
1.291337 1.765223
1.283430 1.748115
1.301259 1.764977
1.287879 1.792094
1.307190 1.789030
1.298880 1.784607
1.305078 1.746635
1.302200 1.760868
1.295886 1.786814
1.296344 1.846836
1.305937 1.751461
1.300852 1.809359
1.294195 1.818644
1.294199 1.762600
1.296161 1.828740
1.281114 1.765787
1.308482 1.775058
1.305348 1.755436
1.290108 1.772013
1.301747 1.792715
1.296833 1.790220
1.283342 1.814962
1.288763 1.783607
1.297049 1.765954
1.289896 1.732472
1.286889 1.786402
1.294232 1.769542
1.286558 1.813234
1.275290 1.794645
1.287415 1.756344
1.285665 1.864191
1.302125 1.824656
1.268696 1.806506
1.276836 1.758203
1.272955 1.734278
1.286674 1.797957
1.295374 1.723286
1.289280 1.751755
1.276367 1.716262
1.274325 1.809261
1.290088 1.796284
1.290897 1.829738
1.295393 1.724971
1.282751 1.719098
1.288096 1.754026
1.295992 1.762112
1.283920 1.802137
1.278436 1.748028
1.270520 1.718940
1.283927 1.778160
1.276176 1.849606
1.276161 1.761726
1.288138 1.792588
1.271144 1.782304
1.273594 1.775859
1.269321 1.816291
1.266332 1.699756
1.282527 1.796105
1.278457 1.738077
1.286001 1.739854
1.284705 1.795747
1.275963 1.775833
1.282176 1.708151
1.284429 1.794270
1.290237 1.729470
1.281532 1.781695
1.277320 1.753805
1.296259 1.735722
1.277786 1.758020
1.281616 1.754600
1.275055 1.732331
1.285515 1.773483
1.283854 1.734342
1.271663 1.845139
1.290214 1.801260
1.267334 1.789099
1.266885 1.774263
1.293400 1.773581
1.286134 1.778824
1.278223 1.799564
1.285377 1.762084
1.292402 1.792627
1.275659 1.802512
1.275682 1.687218
1.289221 1.741255
1.281584 1.733837
1.282448 1.740336
1.268988 1.757408
1.278873 1.750586
1.275710 1.794852
1.266817 1.753210
1.274999 1.804876
1.306939 1.768321
1.286132 1.777940
1.279053 1.726452
1.267908 1.715241
1.273189 1.773035
1.276296 1.752094
1.275002 1.767989
1.259640 1.825241
1.276438 1.743015
1.271959 1.847494
1.279249 1.758411
1.268864 1.757532
1.271574 1.810648
1.273520 1.787731
1.270391 1.759190
1.266642 1.789311
1.269366 1.718521
1.265098 1.720918
1.272328 1.709357
1.269596 1.761356
1.281215 1.718225
1.275073 1.749739
1.282944 1.763381
1.270598 1.728696
1.281057 1.751053
1.261851 1.810292
