25.781440 10.400847
8.745586 9.303625
8.009880 8.892231
7.837506 8.825346
7.777038 8.773125
7.720826 8.851795
7.654160 8.745814
7.613691 8.787893
7.561271 8.735750
7.534297 8.664953
7.585075 8.733073
7.499329 8.530109
7.446096 8.378184
7.443698 8.349337
7.364878 8.589688
7.445216 8.386290
7.387271 8.433874
7.315157 8.380651
7.280964 8.483825
7.359448 8.223512
7.300770 8.419640
7.286474 8.561530
7.247120 8.216909
7.227337 8.316087
7.288070 8.243142
7.213027 8.283470
7.218850 8.238436
7.218552 8.415792
7.172814 8.133786
7.222093 8.116358
7.208308 8.183301
7.205842 8.254067
7.221166 8.086985
7.135027 8.101183
7.188323 8.139367
7.174170 8.297075
7.191244 8.202371
7.204715 8.259419
7.213460 8.141644
7.143279 8.115893
7.141777 8.237206
7.161569 8.228546
7.200101 8.138596
7.110122 8.306242
7.174065 8.195394
7.216303 8.227482
7.126788 8.365682
7.150248 8.139395
7.191518 8.166266
7.128643 8.386881
7.182556 8.242848
7.192864 8.359230
7.196144 8.227288
7.181269 8.109226
7.201522 8.367732
7.137340 8.232621
7.126546 8.149144
7.148674 8.286158
7.175712 8.161484
7.157183 8.160688
7.148821 8.080390
7.166918 8.399110
7.173514 8.229181
7.144378 8.315389
7.143947 8.579221
7.088191 8.224688
7.154249 8.336508
7.126225 8.060970
7.191412 8.171392
7.195494 8.108416
7.210037 8.286494
7.162508 8.131169
7.186965 8.588636
7.157035 8.126854
7.145235 8.086298
7.136982 8.135624
7.160023 8.211534
7.115011 8.109295
7.162492 8.198755
7.113454 8.164764
7.159772 8.125273
7.090273 8.194731
7.141168 8.124265
7.123843 8.227148
7.132210 8.171871
7.125050 8.173779
7.151295 8.123980
7.112479 8.127276
7.137110 8.293028
7.149506 8.066057
7.130018 8.120317
7.128640 8.581809
7.215466 8.354268
7.192745 8.237621
7.153583 8.120974
7.108049 8.148220
7.151333 8.084539
7.191087 8.270450
7.160227 8.169790
7.130533 8.126092
7.136823 8.208982
7.115994 8.279568
7.141762 8.232441
7.153633 8.149283
7.142609 8.197325
7.158119 8.405773
7.201376 8.112807
7.113276 8.072885
7.138883 8.385474
7.170297 8.135459
7.165709 8.099538
7.104974 8.073153
7.098135 8.036841
7.154847 8.368539
7.093936 8.214753
7.202626 8.068438
7.200309 8.174124
7.102476 8.077188
7.093597 8.170815
7.141548 8.610451
7.182345 8.117026
7.157137 8.062028
7.088633 8.143824
7.090712 8.475736
7.147304 8.175385
7.086049 8.155651
7.086414 8.133132
7.128355 8.012702
7.093030 8.041401
7.114215 8.279085
7.129264 8.193109
7.129008 8.139165
7.118923 8.135231
7.159104 8.186586
7.139471 8.286759
7.101324 8.143453
7.104574 8.190500
7.133383 8.095826
7.119146 8.600235
7.174243 8.166675
7.083291 8.211671
7.094595 8.125049
7.125351 8.168452
7.153193 8.104464
7.136652 8.187710
7.180373 8.072251
7.182640 8.236841
7.092371 8.038189
7.124084 8.047067
7.089374 8.322663
7.279658 8.168556
7.187625 8.216825
7.130434 8.560195
7.147831 8.358238
7.069482 8.276009
7.189694 8.132298
7.110086 8.152076
7.138488 8.148858
7.078067 8.186099
7.106014 8.112582
7.063812 8.584954
7.177438 8.111791
7.158256 8.332973
7.083595 8.163033
7.137774 8.154300
7.185949 8.096254
7.148152 8.265335
7.097776 8.161741
7.216175 8.124175
7.117615 8.099307
7.159596 8.266748
7.095261 8.032744
7.112842 8.445041
7.155647 8.066162
7.138419 8.178120
7.094493 8.073331
7.144471 8.098104
7.102469 8.463708
7.170111 8.333747
7.111434 8.211349
7.098734 8.667847
7.264421 8.074597
7.139463 8.346547
7.145922 8.087475
7.094432 8.116673
7.161656 8.054592
7.139670 8.002831
7.105791 8.166533
7.148733 8.076083
7.070652 8.074827
7.074721 8.052454
7.088546 8.473926
7.131587 8.129032
7.121774 8.118925
7.111474 8.113345
7.145436 8.197328
7.091675 8.167256
7.081071 8.318313
7.064633 8.160842
7.123200 8.141898
7.089212 8.283066
7.081672 8.150936
7.094173 8.062345
7.111682 8.150127
7.111690 8.229805
7.097908 8.445320
7.055456 8.258827
7.134709 8.106695
7.099791 8.046337
7.094331 8.174851
7.181632 8.232356
7.077752 8.094094
7.090278 8.113906
7.062038 8.328537
7.039476 8.118434
7.119754 8.185098
7.156326 8.167320
7.147145 8.081704
7.185360 8.108175
7.178532 8.281053
7.129357 8.253742
7.090106 8.317599
7.079091 8.462589
7.123739 8.298335
7.203369 8.596463
7.121671 8.415759
7.143588 8.100622
7.085649 8.439890
7.133502 8.465592
7.133970 8.104367
7.114957 8.125752
7.092849 8.226341
7.121679 8.265969
7.114348 8.044730
7.111315 8.064619
7.092830 8.115026
7.085150 8.031130
7.121326 8.118653
7.074643 8.034612
7.134982 8.142366
7.076159 8.158928
7.099706 8.112530
7.075048 8.098210
7.137357 8.288986
7.072278 8.066992
7.107627 8.083781
7.069703 8.124178
7.109748 8.219773
7.063804 8.341578
7.092387 8.185960
7.147114 8.175309
7.067948 8.056018
7.054994 8.315649
7.099963 8.106836
7.067174 8.076723
7.061005 8.050871
7.124970 8.062632
7.065554 8.142964
7.085731 8.097055
7.118123 8.100317
7.102588 8.251076
7.096044 8.120620
7.120625 8.156848
7.112684 8.206100
7.109410 8.096392
7.045004 8.220922
7.073566 8.177275
7.108301 8.167306
7.111563 8.071846
7.131711 8.167663
7.050343 8.265276
7.057613 8.125561
7.072236 8.163036
7.143163 8.074751
7.079034 8.825130
7.074622 8.101890
7.144633 8.105263
7.122323 8.365069
7.108298 8.054055
7.058102 8.089524
7.073708 8.290491
7.110873 8.088590
7.036564 8.302504
7.131287 8.187039
7.110542 8.170714
7.095168 8.127165
7.046713 8.064683
7.049782 8.189661
7.106776 8.135054
7.118867 8.208034
7.111913 8.153499
7.079838 8.127248
7.073227 8.131187
7.035033 8.072196
7.061316 8.165824
7.045880 8.195813
7.069009 8.146785
7.111320 8.053589
7.061789 8.180367
7.083541 8.048941
