19.294551 8.211132
6.364192 7.226465
5.778295 7.290148
5.661707 7.424428
5.610085 7.777011
5.630312 7.401610
5.557588 7.671211
5.577033 7.341257
5.587870 7.422571
5.516574 7.416074
5.501609 7.420681
5.500935 7.660992
5.538491 7.458790
5.525509 7.535425
5.561177 7.221970
5.508052 7.610629
5.484347 7.272420
5.511694 7.358985
5.484797 7.309340
5.521142 8.057904
5.461891 7.833406
5.509135 7.371464
5.501048 7.317894
5.470917 7.614818
5.486241 7.514875
5.493806 7.303411
5.485817 7.270206
5.449128 7.400556
5.499526 7.342448
5.472025 7.431697
5.523112 7.569636
5.535419 7.817918
5.483598 7.359645
5.490930 7.422471
5.440298 7.479450
5.465949 7.255385
5.511382 7.221509
5.474438 7.385560
5.469120 7.363142
5.464459 7.357916
5.453066 7.666726
5.474748 7.556307
5.470121 7.727347
5.428028 7.255112
5.395992 7.241911
5.457084 7.333297
5.516551 7.207319
5.450068 7.373733
5.523837 7.492144
5.452804 7.344909
5.447684 7.291193
5.464537 7.238759
5.451957 7.409688
5.514528 7.241295
5.467846 7.337736
5.432366 7.291648
5.426690 7.300658
5.477455 7.329667
5.475801 7.263607
5.503687 7.758190
5.477803 7.209230
5.493237 7.789180
5.466617 7.479943
5.437893 7.290258
5.461541 7.311684
5.487336 7.360019
5.409808 7.198093
5.440644 7.553030
5.454349 7.777732
5.438225 7.421483
5.408793 7.282252
5.469863 7.396739
5.454926 7.229228
5.463245 7.816259
5.430485 7.241445
5.439117 7.274811
5.475519 7.488924
5.473027 7.457642
5.432280 7.559133
5.466869 7.393732
5.455598 7.822761
5.460728 7.350197
5.448988 7.337086
5.400438 7.810280
5.445412 8.311811
5.507544 7.321509
5.442805 7.483222
5.403826 7.467755
5.427130 7.639119
5.491112 7.359480
5.517686 7.188654
5.461872 7.210978
5.564899 7.189675
5.415405 7.354116
5.429341 7.250016
5.464594 7.297927
5.468148 7.594292
5.429382 7.782723
5.455237 7.342546
5.435497 7.293389
5.449421 8.208114
5.470135 7.557136
5.430417 7.637352
5.413406 7.417657
5.434468 7.269871
5.500004 7.267949
5.446932 7.311702
5.466635 7.272451
5.440403 7.710174
5.420405 7.339548
5.523905 7.785845
5.464511 7.302364
5.439778 7.404065
5.487646 7.539120
5.438323 7.463978
5.469894 7.326766
5.442096 7.432749
5.477128 7.497609
5.448627 7.257284
5.408155 7.301031
5.424213 7.347295
5.447550 7.384039
5.447410 8.108138
5.441994 7.617311
5.403708 7.323950
5.483773 7.301076
5.426035 7.397457
5.455078 7.237891
5.434596 7.750365
5.412175 7.198784
5.404626 7.241404
5.427222 7.511757
5.465054 7.270780
5.471843 7.200682
5.395978 7.297690
5.407854 7.621209
5.453541 7.171757
5.466439 7.415736
5.433923 7.544035
5.435725 7.392027
5.498512 7.563731
5.384858 7.333819
5.437748 7.268223
5.523536 7.306219
5.465163 7.233492
5.452703 7.543079
5.483198 7.210100
5.463974 7.511558
5.443506 7.345280
5.400286 7.183614
5.449795 8.172206
5.421326 7.243373
5.422747 7.820684
5.503728 7.343539
5.417672 7.211223
5.489696 7.308640
5.439359 7.404189
5.420577 7.277658
5.453243 7.311369
5.420624 7.185355
5.439414 7.379589
5.522195 7.268521
5.434523 7.290680
5.426848 7.517868
5.418115 7.416449
5.419075 7.718812
5.438369 7.703130
5.425300 7.224219
5.413946 7.354123
5.406621 7.352798
5.418518 7.662024
5.447656 7.755214
5.465218 7.249877
5.430073 7.221441
5.471609 7.205014
5.469061 8.273236
5.444365 7.357397
5.373510 7.210772
5.492972 8.075250
5.394115 7.230281
5.420708 7.234266
5.425468 7.241572
5.451812 7.259413
5.430976 7.421735
5.385879 7.503534
5.408993 8.096910
5.426581 7.223068
5.419631 8.058047
5.461329 7.409103
5.403588 7.441252
5.434660 7.271733
5.444936 7.616301
5.481755 7.415353
5.430882 7.345549
5.417982 7.262170
5.411204 8.158102
5.431026 7.875753
5.499694 7.298134
5.433018 7.336376
5.418811 7.276159
5.373474 7.534430
5.428637 7.539357
5.428373 7.705394
5.414641 7.606435
5.419286 7.621058
5.411821 7.721956
5.425683 7.414234
5.433974 7.307186
5.400669 7.988786
5.435971 7.888810
5.398039 8.140154
5.389764 7.998664
5.506009 7.834539
5.403394 7.328116
5.403771 7.634083
5.432356 7.411268
5.441557 7.447614
5.428074 7.371886
5.504051 7.958763
5.393054 7.198290
5.390080 7.172062
5.391895 7.443883
5.366153 7.225290
5.388479 7.290018
5.397424 7.397425
5.397447 7.441681
5.406755 7.708548
5.415524 7.867970
5.485010 7.389549
5.391574 8.180495
5.399415 7.252423
5.438324 7.335801
5.419345 7.303195
5.417915 7.406744
5.361656 7.736576
5.420610 7.280280
5.418266 7.803419
5.393388 7.181966
5.380881 7.317121
5.389595 7.917104
5.373425 7.403527
5.397546 7.550225
5.386359 7.191902
5.408073 7.491901
5.407326 8.127541
5.444749 7.565943
5.421284 7.248780
5.392083 7.266902
5.384849 7.562757
5.367774 7.424799
5.376348 7.483582
5.384152 7.445886
5.365109 7.456293
5.465023 7.491984
5.370590 7.182486
5.372806 7.468156
5.406579 8.085750
5.386924 7.263178
5.401910 7.418315
5.396737 7.178870
5.402596 7.273251
5.352431 7.539880
5.382760 7.481668
5.397263 7.449137
5.387911 7.535759
5.378613 7.417777
5.378735 8.134173
5.406968 7.340038
5.389268 7.388558
5.386362 7.257709
5.380991 7.242295
5.396832 7.275994
5.379306 7.219264
5.401906 8.175769
5.437205 7.277303
5.342573 7.823665
5.428242 7.684359
5.363384 7.354368
5.377339 7.192245
5.372584 7.311560
5.420143 7.476162
5.449428 7.632201
5.361719 7.252976
5.408485 7.290839
5.355968 7.295348
5.362757 7.603732
5.389975 7.445987
5.407748 7.289986
5.367638 7.439143
5.402407 7.201319
5.400043 7.546357
5.407755 7.300213
5.411904 7.305557
5.369126 7.702864
5.377848 7.226860
5.424437 7.316950
5.350481 7.477992
5.359620 7.201009
5.376206 7.447240
5.378717 7.324887
