25.071020 18.453939
18.020315 17.636507
17.107009 17.230499
16.580503 16.787037
16.045170 16.657373
15.711706 15.716478
15.370855 15.438510
15.189188 15.235755
14.991614 15.031216
14.746185 15.317313
14.715258 14.871348
14.583929 15.102016
14.548707 14.712749
14.502128 14.915224
14.482214 14.569067
14.430042 14.585974
14.440287 14.566742
14.442661 14.501371
14.459015 14.659192
14.424956 14.519298
14.394305 14.575775
14.371876 14.521573
14.358222 14.551012
14.436602 14.432216
14.350118 14.887118
14.344403 14.451608
14.401163 14.564016
14.366020 14.660411
14.381640 14.543085
14.370119 14.551938
14.342343 14.503110
14.391211 14.678860
14.359047 14.690270
14.377786 14.584563
14.348720 14.484589
14.390112 15.228342
14.371983 14.816590
14.351964 14.705089
14.337627 15.028951
14.312453 14.411967
14.318978 14.466805
14.298165 14.509368
14.299599 14.519368
14.376349 14.442934
14.309757 14.512554
14.387186 14.533820
14.386537 14.470908
14.360326 14.566359
14.300125 14.667808
14.304245 14.465985
14.328248 14.575851
14.302423 14.532242
14.372362 14.550175
14.316614 14.481050
14.418355 14.669233
14.344127 14.645410
14.368317 14.520643
14.341806 14.458881
14.297206 14.541641
14.373353 14.419937
14.279022 14.432323
14.332133 14.667929
14.299408 14.578738
14.370751 14.499080
14.413813 14.482591
14.317032 14.563867
14.331169 14.481485
14.354167 14.969097
14.303956 14.656413
14.284567 14.587391
14.331753 14.747965
14.325706 14.547201
14.315081 14.522428
14.319705 14.574331
14.352889 14.507668
14.269899 14.681024
14.259876 14.606570
14.359196 14.583480
14.299052 14.468443
14.330790 14.767673
14.322181 14.686846
14.281202 14.816601
14.276485 14.507554
14.290602 14.505463
14.365248 14.485550
14.270069 14.464642
14.352798 14.490329
14.238439 14.715641
14.279453 14.606573
14.277992 14.580952
14.303599 14.757783
14.249701 14.563249
14.306710 14.506874
14.277117 14.551995
14.355463 14.475521
14.344999 14.681410
14.246381 14.477499
14.269579 15.127529
14.308437 15.057172
14.317236 14.688585
14.278357 14.470727
14.247325 14.482496
14.334101 14.439383
14.274643 14.523861
14.344040 14.417559
14.242402 14.475516
14.268380 14.591826
14.345956 14.645154
14.229287 14.598981
14.267655 14.484641
14.260430 14.478810
14.236807 15.044645
14.304640 14.502052
14.279604 14.491885
14.259687 14.595283
14.275287 14.500392
14.289875 14.471935
14.309273 14.417651
14.263563 14.496926
14.216282 14.389942
14.254131 14.462714
14.270246 14.798623
14.260007 14.312428
14.264785 14.436993
14.282562 14.414022
14.246640 14.501109
14.200870 15.096893
14.218199 14.486714
14.281646 14.502215
14.201911 14.498526
14.191658 14.686822
14.224594 14.466954
14.152325 14.404967
14.304224 14.478017
14.199655 14.695967
14.191758 14.460588
14.257895 14.496899
14.322516 14.560557
14.253743 14.498462
14.198357 14.484749
14.263374 14.789133
14.153752 14.476050
14.190539 15.194979
14.282260 14.483646
14.215955 14.670802
14.308536 14.468515
14.166525 14.415137
14.277031 14.461902
14.151217 14.461576
14.202449 14.571462
14.309144 14.494942
14.255147 14.541830
14.207766 14.455852
14.156895 14.593277
14.196663 14.495841
14.175145 14.514402
14.182703 14.626017
14.242918 14.731548
14.230260 14.535201
14.256055 14.468434
14.235474 14.542126
14.241228 14.597912
14.215672 14.515241
14.215398 14.597487
14.254250 14.480213
14.183770 14.473834
14.252886 15.034631
14.208195 14.494070
14.189243 14.594229
14.287808 14.490211
14.307815 14.720859
14.227528 14.686732
14.215723 15.024524
14.124724 14.576427
14.165907 14.510775
14.199732 14.542543
14.239613 14.547585
14.201815 14.538203
14.195622 14.454705
14.176240 14.875381
14.203407 14.821822
14.164624 14.475518
14.239005 14.545563
14.252292 14.434478
14.159778 14.470419
14.223818 14.491749
14.212170 14.677338
14.235601 14.486526
14.167305 14.491972
14.208018 14.463886
14.232842 14.466933
14.170649 14.825891
14.158175 15.178375
14.146043 14.455813
14.158276 14.730614
14.191571 14.444091
14.179208 14.962581
14.235602 14.456126
14.167497 14.607534
14.161098 14.530072
14.136450 14.628348
14.212176 14.493578
14.187980 14.526022
14.115030 14.475456
14.177672 14.735716
14.156470 14.436021
14.165372 15.802438
14.213672 14.581163
14.223203 14.618220
14.107597 14.449955
14.186052 14.500609
14.182753 14.639987
14.166691 15.133588
14.170932 14.472143
14.179607 14.473366
14.160072 14.492067
14.191993 14.556128
14.207022 14.628765
14.133559 15.147970
14.132440 14.502887
14.251913 14.517121
14.168653 14.719539
14.068129 14.511545
14.218152 14.518352
14.136303 15.048969
14.185173 14.539270
14.151099 14.443357
14.126952 14.510423
14.154745 14.485340
14.160747 14.469108
14.108600 14.530120
14.133535 14.711641
14.153344 14.460649
14.151529 14.415771
14.200898 14.504975
14.183545 14.462350
14.165864 14.515126
14.166561 14.503201
14.139138 14.661035
14.148830 14.566335
14.218135 14.464071
14.154184 14.405971
14.116508 14.699006
14.091102 14.535877
14.139366 14.573487
14.134700 14.577647
14.155971 14.454955
14.149861 14.500792
14.128303 14.451091
14.172950 14.524847
14.094587 14.391805
14.145182 14.461245
14.116195 14.592749
14.105409 14.463174
14.186283 14.543108
14.121452 14.496123
14.125027 14.580028
14.191179 14.552876
14.168877 14.488404
14.116075 14.539378
14.186682 14.537097
14.138866 14.538424
14.096374 14.427910
14.121671 14.524234
14.131210 14.546730
14.134056 14.435100
14.132334 14.530033
14.122778 14.442505
14.183087 14.577200
14.081071 14.378026
14.148272 14.519376
14.098989 14.543540
14.099317 14.893614
14.123392 14.721294
14.172677 14.536681
14.117147 14.492027
14.192370 14.823488
14.153025 14.572134
14.174341 14.447460
14.093286 14.454511
14.061529 14.448071
14.172236 14.615335
14.124878 14.523050
14.172342 14.538012
14.105547 14.735826
14.076482 14.536975
14.099793 14.671881
14.101719 14.513441
14.099385 14.521242
14.110924 14.556666
14.147370 14.477399
14.083041 14.454143
14.110078 14.521267
14.125821 14.454562
14.132247 14.566629
14.142154 14.687973
14.159588 14.456090
14.111765 14.581038
14.115302 14.585632
14.156156 14.772933
