51.288331 21.515467
15.127311 13.331194
12.436245 11.797794
10.704553 10.288740
8.782116 9.105349
7.252186 8.114317
6.228124 7.362028
5.558900 6.812429
5.140494 6.365555
4.818337 5.979957
4.548517 5.644024
4.291574 5.290304
4.066017 4.981009
3.857402 4.699605
3.656852 4.520818
3.527111 4.332030
3.410893 4.181563
3.311320 4.074131
3.228881 3.997997
3.164505 3.904403
3.113846 3.844556
3.045431 3.756427
2.976325 3.688046
2.905538 3.516088
2.811640 3.376559
2.740398 3.290077
2.688847 3.246516
2.638874 3.186040
2.597243 3.126411
2.570101 3.101372
2.531558 3.061050
2.512542 3.027655
2.479208 3.003225
2.468159 2.979952
2.454997 2.975156
2.418330 2.940849
2.383528 2.846774
2.346781 2.834687
2.320074 2.830605
2.290413 2.818775
2.248356 2.827532
2.222450 2.825533
2.203772 2.825675
2.180131 2.770171
2.162272 2.748098
2.157747 2.745906
2.141349 2.742354
2.135521 2.734663
2.121757 2.729241
2.116800 2.717832
2.110255 2.707144
2.096773 2.683824
2.075270 2.675934
2.061195 2.635876
2.043928 2.605991
2.008079 2.555966
1.970595 2.534427
1.953321 2.541570
1.945423 2.541893
1.925359 2.498889
1.907419 2.472350
1.898336 2.440480
1.840741 2.342756
1.814917 2.328961
1.802077 2.315328
1.796904 2.306734
1.785509 2.307914
1.788451 2.266926
1.770509 2.232172
1.764217 2.215051
1.761395 2.216039
1.756627 2.208250
1.749014 2.198553
1.743869 2.195920
1.739361 2.198383
1.731142 2.189448
1.729790 2.172022
1.713125 2.145149
1.714841 2.145120
1.704151 2.133202
1.698337 2.125159
1.691566 2.155291
1.693365 2.133669
1.687371 2.119077
1.689556 2.142089
1.684193 2.117009
1.677265 2.118604
1.675965 2.122375
1.676691 2.110674
1.663824 2.067142
1.656419 2.064496
1.650520 2.068192
1.645783 2.052691
1.634563 2.042592
1.627723 2.039947
1.615099 2.037489
1.616898 2.011882
1.614328 2.009923
1.607755 1.997037
1.605745 1.994239
1.611875 2.017126
1.601071 2.004218
1.597768 1.989728
1.602673 1.996366
1.592389 1.985687
1.596656 1.988698
1.596136 1.984340
1.593991 1.984623
1.590384 1.981971
1.590466 1.995933
1.590631 1.963907
1.586895 1.971128
1.581728 1.948942
1.581203 1.965007
1.581221 1.950070
1.577695 1.973934
1.576089 1.930811
1.568314 1.956666
1.551034 1.926375
1.544720 1.945279
1.545442 1.924471
1.546619 1.927733
1.540818 1.937336
1.542444 1.918891
1.538739 1.924003
1.534083 1.963316
1.537852 1.900630
1.544759 1.913241
1.537210 1.910283
1.535873 1.920808
1.538327 1.916053
1.539987 1.918818
1.538495 1.919194
1.533775 1.933868
1.535020 1.906729
1.537176 1.922387
1.537288 1.923268
1.530755 1.911608
1.535480 1.906286
1.531223 1.918691
1.529676 1.908559
1.539168 1.908145
1.538109 1.912855
1.538586 1.900676
1.527899 1.894737
1.527137 1.885622
1.522995 1.867149
1.522720 1.849353
1.520114 1.851057
1.518226 1.841199
1.518689 1.859630
1.513316 1.829591
1.491839 1.841668
1.479059 1.828814
1.480932 1.822329
1.472017 1.804235
1.472079 1.793886
1.469227 1.807358
1.463505 1.796450
1.463264 1.783031
1.467171 1.784646
1.461875 1.801095
1.461372 1.786071
1.458665 1.801400
1.461153 1.774104
1.456674 1.780689
1.457094 1.783161
1.459458 1.786512
1.458197 1.776220
1.458773 1.775306
1.456952 1.782121
1.454562 1.791252
1.420180 1.729551
1.360315 1.703860
1.358904 1.697224
1.357515 1.696807
1.354388 1.698501
1.349579 1.684848
1.352271 1.697845
1.345246 1.683832
1.349909 1.685154
1.347657 1.679626
1.349745 1.694078
1.344108 1.685045
1.345449 1.681420
1.346938 1.678763
1.353130 1.697581
1.349126 1.691875
1.344670 1.693585
1.346961 1.692667
1.341685 1.674129
1.349878 1.672500
1.342230 1.687276
1.343183 1.672599
1.344833 1.677107
1.341874 1.666283
1.344651 1.666266
1.342607 1.671841
1.346961 1.685629
1.351790 1.676307
1.340382 1.679747
1.349174 1.689256
1.338523 1.653918
1.337275 1.669969
1.341846 1.681879
1.343968 1.670068
1.340361 1.659530
1.343389 1.685696
1.346873 1.658917
1.342926 1.668983
1.342156 1.677997
1.339594 1.662604
1.336023 1.670508
1.341445 1.688309
1.343727 1.692974
1.336450 1.686042
1.343155 1.692375
1.340836 1.703375
1.342042 1.676254
1.336206 1.677916
1.338678 1.669186
1.337174 1.668208
1.339047 1.672910
1.342033 1.663751
1.337256 1.673613
1.338237 1.668781
1.339227 1.663270
1.342440 1.670922
1.340049 1.681243
1.340887 1.676354
1.343891 1.660865
1.344430 1.674637
1.347140 1.684374
1.342475 1.672847
1.336798 1.685963
1.341090 1.659003
1.340894 1.661220
1.336261 1.682756
1.343555 1.685084
1.342278 1.672503
1.337749 1.669906
1.333909 1.671953
1.341606 1.675602
1.339302 1.700244
1.340850 1.677625
1.347191 1.678862
1.331938 1.676083
1.338140 1.676158
1.338380 1.682929
1.335358 1.678536
1.336495 1.675852
1.335375 1.671212
1.334837 1.671481
1.336856 1.667681
1.336081 1.675554
1.329500 1.670653
1.335108 1.679767
1.334669 1.678996
1.335973 1.667609
1.332171 1.667412
1.340739 1.668077
1.330322 1.659661
1.333556 1.671956
1.326080 1.669967
1.320190 1.668698
1.323210 1.664374
1.319709 1.664022
1.322607 1.666872
1.322283 1.652579
1.319449 1.673335
1.316512 1.653304
1.315968 1.665733
1.323067 1.680109
1.316197 1.647895
1.314242 1.666684
1.315430 1.648373
1.305492 1.654039
1.303636 1.663039
1.298875 1.658480
1.305483 1.657510
1.297932 1.657653
1.307797 1.655673
1.304842 1.628388
1.300300 1.644111
1.304540 1.655951
1.297891 1.653965
1.298772 1.661551
1.302648 1.664652
1.305267 1.661800
1.301667 1.650605
1.301802 1.654614
1.305100 1.672260
1.301303 1.670048
1.309788 1.659928
1.304586 1.665043
1.303648 1.663286
1.303221 1.640717
1.305123 1.656901
1.303140 1.678640
1.300329 1.658294
