89.869203 14.966462
6.082940 4.600574
4.176057 3.679768
3.596925 3.265318
3.326615 3.099513
3.211998 3.023042
3.116408 2.966734
3.064102 2.938755
3.035996 2.906066
2.999840 2.880624
3.002784 2.890980
2.967820 2.856616
2.965941 2.833980
2.952659 2.838850
2.927808 2.827097
2.930220 2.827773
2.927522 2.832681
2.917016 2.831477
2.913489 2.835227
2.912326 2.820136
2.902021 2.782907
2.889127 2.871341
2.893388 2.805833
2.899314 2.794123
2.883893 2.835145
2.887445 2.750592
2.872524 2.731689
2.838083 2.764208
2.851531 2.772399
2.822392 2.784647
2.814762 2.737553
2.821492 2.740760
2.808551 2.698383
2.783123 2.704680
2.755424 2.668971
2.728802 2.669137
2.739287 2.635761
2.719478 2.702435
2.717998 2.653168
2.677364 2.607705
2.666486 2.604255
2.640599 2.548076
2.627027 2.551710
2.623985 2.524921
2.596981 2.508863
2.577624 2.483998
2.564216 2.591230
2.522483 2.483354
2.519897 2.449891
2.489361 2.409085
2.453032 2.363657
2.420632 2.355822
2.399187 2.297058
2.364946 2.312554
2.357079 2.244208
2.325719 2.255362
2.305634 2.197920
2.276451 2.169937
2.249094 2.129264
2.233356 2.135717
2.204198 2.108823
2.184614 2.051453
2.164046 2.016788
2.127336 1.993121
2.104013 1.980163
2.078925 1.950511
2.060584 1.944201
2.034377 1.957593
2.008375 1.916016
1.984182 1.889566
1.959024 1.892470
1.929842 1.804452
1.891410 1.810118
1.883345 1.830089
1.873932 1.801869
1.862035 1.794192
1.866808 1.769139
1.841617 1.765174
1.825178 1.800923
1.815887 1.766900
1.804483 1.727728
1.811500 1.719398
1.803871 1.724601
1.778364 1.678320
1.764387 1.751288
1.757957 1.672859
1.737462 1.683963
1.735337 1.660340
1.715754 1.630369
1.697522 1.609826
1.710079 1.596170
1.691249 1.582024
1.656171 1.575427
1.658179 1.592812
1.648537 1.552963
1.634778 1.534237
1.624998 1.521898
1.627109 1.511492
1.606481 1.547658
1.607373 1.517573
1.589891 1.500745
1.584163 1.477828
1.571424 1.470534
1.554066 1.464838
1.549216 1.476594
1.534485 1.489998
1.518364 1.452976
1.532020 1.417308
1.527857 1.430572
1.502608 1.424894
1.492782 1.416946
1.490749 1.398237
1.489733 1.403595
1.490082 1.429402
1.488043 1.409158
1.476788 1.392900
1.466866 1.386619
1.470089 1.467671
1.470855 1.411641
1.451748 1.381068
1.443461 1.386183
1.470537 1.380047
1.435952 1.420913
1.442871 1.349649
1.429326 1.354761
1.439342 1.361966
1.451029 1.399151
1.448715 1.393035
1.434435 1.371396
1.433077 1.400621
1.434934 1.399171
1.421238 1.356297
1.429103 1.348417
1.420961 1.340587
1.422179 1.354061
1.418026 1.400045
1.431222 1.371642
1.445083 1.352963
1.409432 1.354224
1.426849 1.359682
1.411502 1.333321
1.412034 1.353177
1.421231 1.404810
1.421079 1.352898
1.413287 1.351605
1.425529 1.349338
1.401434 1.354053
1.411452 1.343469
1.406283 1.341630
1.400552 1.333838
1.398580 1.348535
1.409443 1.364345
1.410587 1.356307
1.410116 1.360708
1.391433 1.366793
1.400533 1.358090
1.401714 1.373932
1.392677 1.369403
1.385502 1.410993
1.411706 1.354921
1.394797 1.391380
1.386543 1.399252
1.393152 1.374276
1.390139 1.340706
1.386227 1.340823
1.378844 1.331259
1.375252 1.375761
1.395943 1.362830
1.391532 1.336571
1.368155 1.352566
1.385666 1.363290
1.378206 1.354205
1.375259 1.333332
1.372815 1.327332
1.379362 1.355703
1.374821 1.351510
1.377845 1.316994
1.371775 1.345491
1.379974 1.322897
1.371162 1.329219
1.384458 1.327805
1.363505 1.334595
1.361083 1.317740
1.361677 1.322694
1.363720 1.339936
1.369864 1.328120
1.365197 1.321767
1.357768 1.316175
1.365295 1.322887
1.359719 1.338092
1.369198 1.334429
1.354023 1.327938
1.351234 1.301172
1.362456 1.303605
1.360241 1.414313
1.361415 1.301390
1.346193 1.338054
1.357016 1.339977
1.360515 1.325338
1.352392 1.315667
1.341707 1.309790
1.336253 1.358782
1.337174 1.290556
1.345868 1.295129
1.344842 1.333169
1.331918 1.277029
1.344320 1.300226
1.350316 1.288520
1.330099 1.297744
1.332481 1.277933
1.342151 1.339896
1.328779 1.298539
1.338019 1.344402
1.329321 1.313792
1.328471 1.312897
1.333138 1.296703
1.335393 1.270597
1.329594 1.304474
1.330890 1.301453
1.330543 1.311969
1.329607 1.297614
1.327166 1.302579
1.341566 1.271125
1.321988 1.313410
1.334547 1.315455
1.326651 1.284584
1.332599 1.291306
1.315605 1.290806
1.323696 1.279680
1.319858 1.281500
1.320668 1.315475
1.313464 1.303738
1.321588 1.264001
1.318628 1.266127
1.326392 1.295876
1.321262 1.287978
1.324171 1.296626
1.326274 1.323955
1.316223 1.297492
1.313877 1.310240
1.310662 1.294621
1.332564 1.273106
1.318917 1.286989
1.306331 1.295516
1.324009 1.280934
1.313559 1.288512
1.317037 1.291594
1.314087 1.294258
1.301735 1.296537
1.313736 1.296449
1.318355 1.277277
1.317749 1.285332
1.311972 1.278775
1.313214 1.252125
1.303089 1.305899
1.322532 1.291365
1.310723 1.271552
1.314860 1.244681
1.313689 1.326872
1.325137 1.265014
1.312805 1.290453
1.323178 1.269350
1.309357 1.284582
1.311268 1.274120
1.308931 1.259617
1.293676 1.300713
1.322025 1.254177
1.320649 1.260324
1.309721 1.260470
1.309443 1.277662
1.308844 1.317721
1.313157 1.270547
1.312344 1.258618
1.320162 1.260085
1.305706 1.244928
1.298151 1.259542
1.292734 1.245378
1.302834 1.263175
1.308825 1.265675
1.303632 1.271621
1.299794 1.261946
1.297116 1.258617
1.303189 1.262853
1.300462 1.279324
1.295500 1.236515
1.296307 1.287418
1.295439 1.259120
1.304457 1.262492
1.296468 1.293251
1.300050 1.277361
1.315224 1.229249
1.296527 1.266978
1.303782 1.246314
1.301294 1.267631
1.315083 1.264777
1.305739 1.266438
1.293061 1.276721
1.294870 1.238079
1.307659 1.247458
1.298229 1.253090
