35.953203 18.348558
12.655549 9.988791
7.897395 8.451814
6.418606 7.703168
5.491218 6.944226
4.814294 6.344093
4.409008 5.912045
4.152152 5.645931
3.952721 5.361232
3.801441 5.175940
3.700244 5.001354
3.604259 4.849371
3.518932 4.776797
3.475235 4.667404
3.405904 4.638063
3.354333 4.534215
3.296787 4.457890
3.252768 4.418707
3.211691 4.389267
3.174496 4.319602
3.153566 4.237251
3.129372 4.222928
3.096871 4.167074
3.081134 4.194158
3.055381 4.157831
3.047505 4.110952
3.015196 4.031274
2.994102 4.011794
2.951733 4.063766
2.941558 4.048829
2.918105 3.942561
2.912896 3.911341
2.855106 3.895368
2.844388 3.830003
2.821681 3.822751
2.809775 3.837522
2.778257 3.760030
2.752004 3.762135
2.745408 3.680981
2.713704 3.726559
2.700376 3.657099
2.691215 3.590733
2.659996 3.660104
2.655346 3.586496
2.628200 3.609415
2.635105 3.555498
2.603336 3.540214
2.592742 3.557064
2.582008 3.553155
2.571842 3.544902
2.572812 3.551522
2.556622 3.491341
2.535883 3.476424
2.536760 3.468675
2.545027 3.507974
2.514008 3.404021
2.520884 3.458287
2.506798 3.420690
2.480571 3.361058
2.479082 3.403224
2.466186 3.356008
2.443816 3.312930
2.427787 3.314685
2.409727 3.286373
2.396534 3.293950
2.379250 3.235563
2.399782 3.225133
2.368426 3.268283
2.367091 3.229172
2.349405 3.188615
2.356375 3.143662
2.334714 3.183365
2.334131 3.171917
2.339060 3.188281
2.310492 3.141673
2.329379 3.140073
2.300387 3.067038
2.280299 3.081140
2.278973 3.071404
2.277697 3.044382
2.266643 3.047084
2.262423 3.049051
2.259173 3.019079
2.254219 3.047464
2.252381 3.021292
2.252956 3.048765
2.234939 3.027619
2.233636 2.975091
2.242628 2.980545
2.224505 2.948981
2.238420 2.931126
2.216277 2.943653
2.215987 2.984773
2.230135 2.959557
2.225170 3.011896
2.217418 2.948699
2.209412 2.959916
2.215565 2.959748
2.218166 2.936885
2.206683 2.973840
2.208905 3.000293
2.220788 2.957695
2.213545 2.955344
2.203251 3.007380
2.198120 2.955965
2.200972 2.956687
2.199521 2.952690
2.198952 2.909771
2.191527 2.943758
2.181161 2.932786
2.184288 2.926768
2.189385 2.966158
2.186571 2.926842
2.178121 2.893673
2.171659 2.959432
2.173060 2.930313
2.174269 2.940706
2.162169 2.903082
2.163555 2.890201
2.177519 2.898658
2.160041 2.911656
2.153230 2.884119
2.160134 2.841844
2.155360 2.871711
2.140729 2.874215
2.138678 2.834140
2.131131 2.835871
2.130001 2.813910
2.111440 2.837812
2.109005 2.836527
2.106091 2.834028
2.104587 2.807712
2.104381 2.819091
2.100803 2.844804
2.099141 2.800693
2.094881 2.758601
2.090571 2.840917
2.085652 2.793488
2.078356 2.797350
2.078186 2.757521
2.085612 2.749915
2.074998 2.728693
2.078608 2.797725
2.071663 2.794845
2.071484 2.834771
2.069248 2.822721
2.063026 2.799124
2.070285 2.742547
2.049260 2.744185
2.067575 2.746803
2.045738 2.809932
2.054458 2.791086
2.049643 2.718419
2.066996 2.775671
2.057506 2.723550
2.056144 2.729640
2.047338 2.797866
2.074799 2.730745
2.058846 2.732500
2.054521 2.745467
2.079989 2.809541
2.066189 2.733615
2.059522 2.768856
2.054484 2.762271
2.058112 2.771328
2.056099 2.688538
2.053769 2.709516
2.057727 2.714342
2.046107 2.701288
2.055666 2.677042
2.058006 2.757255
2.049705 2.706346
2.051702 2.735703
2.057624 2.732694
2.051267 2.755065
2.051335 2.695091
2.041875 2.695629
2.042495 2.711304
2.039657 2.707040
2.033951 2.741324
2.038446 2.691268
2.044751 2.683743
2.045024 2.668338
2.021365 2.673163
2.035300 2.675389
2.034973 2.708349
2.022589 2.681968
2.020676 2.664045
2.022404 2.681966
2.011450 2.644797
2.008877 2.692330
1.998761 2.624982
1.992923 2.696813
2.005635 2.613861
2.001601 2.639748
1.993418 2.600978
1.996183 2.632256
1.995740 2.645236
1.990982 2.632803
1.978704 2.588588
1.981551 2.602576
1.984558 2.673144
1.991374 2.612562
1.981837 2.575971
1.986383 2.609034
1.990622 2.595236
1.974232 2.588415
1.983393 2.598885
1.973333 2.588973
1.980365 2.653849
1.970702 2.600442
1.978297 2.586465
1.975460 2.615633
1.983596 2.604920
1.976617 2.598959
1.981688 2.581924
1.976541 2.585923
1.981245 2.610820
1.981255 2.600570
1.972824 2.605011
1.977589 2.601539
1.967174 2.582861
1.975450 2.611857
1.983940 2.601629
1.978432 2.619802
1.971393 2.636039
1.985674 2.601385
1.975695 2.615968
1.977449 2.585724
1.966109 2.626285
1.975482 2.583863
1.974167 2.615567
1.976814 2.625690
1.977846 2.600397
1.991352 2.596728
1.971355 2.613997
1.977942 2.611116
1.983519 2.612345
1.969011 2.593862
1.969403 2.631920
1.976093 2.626355
1.975410 2.642824
1.973661 2.602917
1.981399 2.645364
1.975980 2.580991
1.974319 2.576511
1.978491 2.580014
1.967904 2.604254
1.958673 2.581471
1.967933 2.609843
1.969601 2.604156
1.969449 2.584494
1.977699 2.617009
1.975488 2.583684
1.972965 2.557251
1.976589 2.584054
1.974550 2.573207
1.970482 2.618763
1.970590 2.610049
1.965931 2.583262
1.966538 2.580378
1.968184 2.573260
1.958766 2.645451
1.978642 2.575179
1.967520 2.563256
1.957917 2.595788
1.968697 2.608443
1.961031 2.575389
1.975906 2.606961
1.962002 2.592701
1.955753 2.616954
1.958677 2.600646
1.961942 2.570832
1.963500 2.541612
1.963842 2.602307
1.963914 2.581023
1.969260 2.637857
1.964941 2.572127
1.976702 2.575793
1.961911 2.660105
1.969818 2.563647
1.960387 2.557089
1.957915 2.553916
1.966378 2.590243
1.956377 2.570446
1.952797 2.560649
1.964416 2.555367
1.962606 2.569043
1.967891 2.537321
1.965305 2.591886
1.950392 2.594569
1.979396 2.568814
1.967151 2.540251
1.960722 2.546539
1.958492 2.568957
1.967931 2.568717
1.951357 2.539407
1.944905 2.607633
1.966748 2.534318
1.951405 2.586453
