30.572117 17.803827
16.697912 16.125498
15.141587 15.247958
14.327483 14.799622
13.804217 14.478545
13.414672 13.845262
13.045414 13.537916
12.789518 13.178671
12.482316 12.950603
12.218724 12.759486
12.055145 12.482420
11.848908 12.381689
11.693184 12.205740
11.566887 12.177114
11.444760 11.900609
11.319909 11.802059
11.225177 11.703994
11.152707 11.596603
11.090089 11.551450
11.004875 11.436245
10.934786 11.379137
10.872432 11.351772
10.806887 11.349622
10.791054 11.125437
10.679176 11.071157
10.637012 11.016576
10.586353 11.014779
10.531818 11.026359
10.490950 10.917156
10.449709 10.892735
10.409112 10.842212
10.380534 10.988057
10.331990 10.832062
10.287026 10.785393
10.246901 10.773148
10.208159 10.810634
10.169512 10.816405
10.146996 10.706816
10.107628 10.778806
10.084628 10.566317
10.039968 10.526445
10.036469 10.557713
9.996444 10.455671
9.986647 10.463943
9.938554 10.441227
9.904093 10.608456
9.917127 10.469952
9.875280 10.454900
9.853229 10.516025
9.834530 10.371912
9.783191 10.360654
9.758379 10.265300
9.728901 10.350312
9.683475 10.295536
9.681437 10.186483
9.643070 10.167523
9.626247 10.138429
9.620400 10.136642
9.596178 10.128551
9.596365 10.101995
9.547095 10.073606
9.539470 10.116176
9.532494 10.152395
9.530301 10.055652
9.508079 10.013476
9.481431 9.980504
9.457034 9.929581
9.442788 10.264712
9.442068 9.960530
9.425381 9.922378
9.430475 9.905104
9.416034 9.886912
9.398489 9.868558
9.382056 9.863901
9.373316 9.884686
9.364552 9.915154
9.366506 9.891109
9.345104 9.855509
9.340531 9.799893
9.321975 9.951227
9.329792 9.883931
9.314597 9.853506
9.296798 9.766910
9.269715 9.730494
9.287433 9.711580
9.247348 9.750003
9.259527 9.719408
9.228624 9.787608
9.219699 9.703619
9.241711 9.755141
9.214699 9.770185
9.204551 9.682789
9.201026 9.707289
9.188087 9.734340
9.187271 9.693479
9.224675 9.684754
9.177218 9.723240
9.157068 9.724930
9.169323 9.661666
9.177987 9.669148
9.152263 9.691785
9.142038 9.657083
9.164585 9.608430
9.135698 9.655911
9.125592 9.626885
9.150615 9.592587
9.121179 9.617324
9.109795 9.743092
9.103321 9.641968
9.108665 9.582547
9.086874 9.551607
9.073320 9.564336
9.069749 9.627524
9.060185 9.556524
9.051182 9.503556
9.041369 9.553351
9.023968 9.525985
9.042925 9.484439
9.002017 9.512411
9.009626 9.476731
9.017271 9.473106
9.005635 9.598394
9.000501 9.495696
8.992540 9.548150
8.989204 9.514812
8.989827 9.488581
8.964908 9.707076
8.965145 9.462081
8.951326 9.453256
8.948976 9.575164
8.942999 9.516614
8.969209 9.437754
8.924473 9.444758
8.939959 9.426953
8.919859 9.621259
8.937742 9.420174
8.921428 9.510754
8.914315 9.454796
8.909485 9.439377
8.898380 9.409569
8.904306 9.518054
8.860667 9.411222
8.890070 9.467896
8.892712 9.385307
8.879126 9.474409
8.877746 9.422173
8.879432 9.385778
8.853206 9.424897
8.829424 9.431023
8.867519 9.390387
8.850809 9.464533
8.851212 9.345403
8.827233 9.436794
8.819194 9.376086
8.826695 9.352134
8.817319 9.398891
8.825125 9.421511
8.827681 9.479748
8.831351 9.456112
8.819876 9.341312
8.826345 9.352333
8.848973 9.365609
8.800295 9.444703
8.814945 9.360496
8.808986 9.364661
8.812800 9.324734
8.773079 9.466389
8.796640 9.325305
8.779248 9.431888
8.799550 9.373174
8.799331 9.322601
8.752110 9.457490
8.801426 9.443667
8.781285 9.279768
8.782558 9.283388
8.755380 9.294888
8.783746 9.308688
8.744319 9.391602
8.755685 9.247666
8.728836 9.372114
8.731435 9.435914
8.735702 9.194779
8.741134 9.224441
8.748683 9.269537
8.724872 9.277107
8.717142 9.288275
8.725543 9.281817
8.712557 9.325835
8.727418 9.240786
8.702946 9.224075
8.694026 9.260843
8.714623 9.420393
8.693361 9.436537
8.699556 9.294449
8.691710 9.355209
8.718119 9.283320
8.701289 9.253823
8.708690 9.241577
8.699931 9.201738
8.690774 9.246008
8.682576 9.245727
8.673712 9.254458
8.712018 9.228345
8.676121 9.188576
8.679760 9.326035
8.673309 9.194386
8.657869 9.413877
8.696115 9.313625
8.696232 9.285294
8.669332 9.250931
8.689682 9.245680
8.670845 9.205281
8.644622 9.300241
8.658492 9.182131
8.673829 9.173303
8.665506 9.201327
8.648640 9.276122
8.669042 9.401564
8.648175 9.322341
8.652971 9.167611
8.676568 9.177688
8.623583 9.383990
8.625906 9.149501
8.647836 9.166695
8.642139 9.309936
8.654463 9.210154
8.639949 9.264407
8.647814 9.143414
8.662923 9.190786
8.630584 9.363713
8.636724 9.178309
8.623068 9.153025
8.623053 9.144901
8.612099 9.211329
8.618867 9.163106
8.632447 9.119861
8.610250 9.315199
8.642974 9.202926
8.627196 9.324813
8.612264 9.179705
8.607484 9.121385
8.612649 9.168605
8.598790 9.219332
8.580265 9.305689
8.620911 9.224442
8.602695 9.117458
8.599574 9.147552
8.608114 9.189768
8.610866 9.078621
8.607058 9.175688
8.600325 9.150577
8.575392 9.091615
8.596661 9.081757
8.597887 9.155120
8.555870 9.159211
8.575332 9.171820
8.585583 9.143947
8.591472 9.287845
8.592302 9.081029
8.565302 9.319266
8.563741 9.219346
8.568253 9.224200
8.584870 9.120825
8.592332 9.066816
8.565580 9.056785
8.576835 9.044913
8.574745 9.055466
8.563592 9.257828
8.585408 9.104088
8.562116 9.121432
8.556184 9.048060
8.552916 9.184179
8.550243 9.204521
8.568433 9.043750
8.545451 9.114917
8.560834 9.133015
8.571155 9.091119
8.560710 9.050205
8.562584 9.090796
8.531263 9.036997
8.542519 9.114284
8.559399 9.126398
8.539259 9.028631
8.540458 9.069003
8.540145 9.047239
8.540521 9.036680
8.549079 9.114049
8.497314 9.068789
8.523595 9.012192
8.534718 9.124975
8.547193 9.038877
8.500637 8.992766
8.536608 9.073779
8.529264 9.074001
8.543777 9.073028
8.544023 9.082209
8.544261 9.041097
8.536572 9.128309
8.537163 9.130479
8.530012 9.125805
