29.563527 10.337055
7.521700 6.531736
5.219420 5.954520
4.669700 5.824283
4.496101 5.719905
4.446000 5.681674
4.417523 5.589608
4.383687 5.578120
4.359373 5.551947
4.323833 5.527551
4.350706 5.564889
4.291908 5.560627
4.266963 5.422969
4.246468 5.361009
4.226237 5.399685
4.218971 5.347730
4.168626 5.282029
4.128081 5.274576
4.111149 5.231794
4.098100 5.187120
4.050312 5.119035
4.018969 5.128129
4.008652 5.037319
3.964691 4.994488
3.913572 4.997400
3.886925 4.901784
3.839011 4.836088
3.819218 4.760942
3.791609 4.804350
3.750707 4.689898
3.718502 4.639585
3.672176 4.590411
3.633580 4.525290
3.589946 4.496137
3.566678 4.491085
3.550630 4.487242
3.543076 4.530099
3.511503 4.402925
3.517426 4.373417
3.471308 4.354903
3.456397 4.339924
3.423530 4.282979
3.398372 4.259172
3.365843 4.227812
3.342619 4.177556
3.320520 4.190588
3.274118 4.090692
3.230617 4.053283
3.196686 3.979675
3.183242 3.991479
3.157473 3.951094
3.146927 3.901945
3.127631 3.874678
3.111374 3.846298
3.106426 3.850487
3.071109 3.860366
3.057407 3.821125
3.038152 3.795151
3.031042 3.702446
2.987942 3.720505
2.985299 3.835561
2.973363 3.720396
2.963446 3.810419
2.949896 3.656451
2.917114 3.698456
2.910649 3.633800
2.887444 3.679085
2.876528 3.591940
2.867458 3.570430
2.842884 3.582586
2.827242 3.507512
2.839480 3.513640
2.825013 3.537335
2.815389 3.479016
2.803855 3.476850
2.807443 3.455421
2.786715 3.532610
2.788799 3.461583
2.768925 3.392681
2.759637 3.363793
2.735450 3.353845
2.715339 3.318403
2.701925 3.310811
2.688942 3.276515
2.671376 3.283875
2.647666 3.224119
2.631789 3.225213
2.616070 3.237115
2.608784 3.214878
2.614178 3.150608
2.581551 3.152967
2.568682 3.243846
2.581639 3.141282
2.552992 3.201744
2.535535 3.168302
2.535364 3.203066
2.521397 3.212650
2.527945 3.157673
2.517557 3.120383
2.493457 3.140197
2.492549 3.153432
2.501006 3.168219
2.488204 3.065555
2.463491 3.063345
2.470880 3.046692
2.472768 3.120490
2.453372 3.051353
2.461796 3.079111
2.475297 3.067171
2.451618 3.113757
2.457808 3.030513
2.447053 3.117739
2.471075 3.060181
2.434875 3.051820
2.444170 3.120789
2.445502 3.072571
2.447725 3.065855
2.443439 3.123813
2.425071 3.030417
2.430323 2.993476
2.436225 3.042133
2.422184 3.001394
2.415860 2.990198
2.415108 3.069470
2.418023 3.006320
2.409665 3.033910
2.423422 3.013070
2.404449 3.007190
2.413815 3.005328
2.404840 2.943817
2.420599 2.976810
2.404238 2.985401
2.413467 2.956468
2.402481 2.972330
2.392237 2.968999
2.384038 2.978143
2.384837 2.985224
2.390248 2.933639
2.379065 2.935480
2.385924 2.950837
2.386955 2.959400
2.392051 2.898819
2.356307 3.016051
2.374700 2.968562
2.356214 2.931393
2.375122 2.926277
2.363835 2.936323
2.365046 2.932023
2.367997 2.954696
2.363709 2.894220
2.373509 2.924002
2.354212 2.920700
2.365340 2.950129
2.351826 2.897047
2.360315 2.922709
2.352740 2.924960
2.354821 2.882570
2.347614 2.941092
2.358025 2.907173
2.360736 2.963617
2.357347 2.889703
2.357098 2.928370
2.352339 2.906899
2.344623 2.916953
2.341405 2.875111
2.368984 2.893613
2.330938 2.912465
2.357768 2.890204
2.349015 2.891734
2.339575 2.927853
2.378224 2.890252
2.331883 2.890169
2.341887 2.938731
2.354572 2.905594
2.329758 2.919224
2.358119 2.879507
2.335198 2.898911
2.332744 2.877979
2.344035 2.852172
2.332278 2.932657
2.336661 2.878247
2.340789 2.881869
2.329655 2.842784
2.322635 2.945622
2.361267 2.885747
2.340846 2.920774
2.372418 2.959148
2.346256 2.898218
2.341357 2.873569
2.328909 2.863666
2.338849 2.926278
2.344743 2.843525
2.330745 2.861495
2.334183 2.900215
2.349863 2.885204
2.324770 2.905685
2.337128 2.921195
2.321220 2.923426
2.337386 2.865384
2.337223 2.864913
2.331182 2.868846
2.348763 2.851451
2.311473 2.938438
2.370235 2.863887
2.330315 2.955653
2.346983 2.875085
2.317529 2.873786
2.329179 2.856378
2.330442 2.899413
2.341507 2.885603
2.351980 2.877257
2.324085 2.848539
2.334960 2.897069
2.322751 2.877648
2.318299 2.912162
2.332963 2.899642
2.337260 2.890707
2.335549 2.879558
2.329681 2.849204
2.329391 2.813708
2.337322 2.832078
2.322376 2.892698
2.323071 2.925183
2.324182 2.896445
2.335579 2.939432
2.313145 2.852152
2.316075 2.924577
2.341475 2.935840
2.329574 2.861141
2.328042 2.901737
2.335151 2.819670
2.329634 2.933168
2.302450 2.900431
2.327557 2.887336
2.311718 2.880008
2.331793 2.880618
2.322727 2.842133
2.318736 2.880532
2.310059 2.832152
2.327740 2.855313
2.302159 2.889385
2.306988 2.887810
2.332573 2.875907
2.321861 2.845722
2.314759 2.823513
2.312867 2.865477
2.314698 2.921859
2.313371 2.835661
2.307900 2.838231
2.328277 2.854753
2.310933 2.895961
2.337366 2.855942
2.308215 2.860961
2.325624 2.915859
2.323713 2.872075
2.318741 2.875512
2.323291 2.877785
2.313771 2.885420
2.330047 2.821028
2.312007 2.842293
2.305674 2.930397
2.313055 2.919559
2.309997 2.857421
2.298317 2.825658
2.308716 2.869553
2.316681 2.833071
2.308644 2.849728
2.315256 2.814468
2.317921 2.873678
2.324747 2.878897
2.335394 2.871269
2.306686 2.892004
2.324350 2.853193
2.313832 2.884259
2.311625 2.902495
2.347354 2.886564
2.326660 2.826227
2.318066 2.895626
2.330266 2.884472
2.320824 2.879792
2.315418 2.855934
2.309975 2.871118
2.311590 2.863020
2.330150 2.889555
2.319158 2.892409
2.310094 2.894914
2.315548 2.869845
2.330189 2.868797
2.323815 2.852482
2.307534 2.860253
2.306468 2.887367
2.328366 2.840905
2.305453 2.845555
2.297764 2.818305
2.318210 2.985597
2.325280 2.892953
2.308655 2.904798
2.331305 2.890625
2.301816 2.935621
2.322259 2.828904
