19.667494 6.971795
5.917445 6.730291
5.441396 6.897796
5.359779 6.950871
5.357623 6.926666
5.348907 6.946977
5.362081 6.866972
5.307718 7.034007
5.356397 6.803724
5.284341 6.912399
5.360238 7.680297
5.360404 7.075135
5.346752 6.775931
5.268079 6.769435
5.284797 6.938902
5.324228 6.877039
5.286543 6.721168
5.238802 6.895230
5.255276 6.928623
5.320887 6.935792
5.278116 6.867065
5.291559 6.983350
5.289221 6.986394
5.295498 6.888537
5.288569 6.835685
5.241671 6.886408
5.294855 6.809883
5.277411 6.881762
5.320658 7.056652
5.277327 6.745995
5.273569 6.797033
5.291662 6.886036
5.333586 6.874679
5.246163 6.750114
5.251557 6.845674
5.259148 6.863624
5.266729 6.925785
5.231913 6.887419
5.289615 6.854185
5.243885 6.949444
5.272901 6.908931
5.270135 6.974200
5.277469 6.904603
5.175239 6.883954
5.240052 6.881000
5.376481 6.853860
5.268768 7.136345
5.255951 6.850439
5.255741 6.856791
5.224631 6.962561
5.249306 6.928998
5.240788 7.089806
5.279422 6.858652
5.257591 6.965709
5.282129 7.002309
5.219481 6.782426
5.231148 6.825225
5.223028 7.030071
5.296000 6.825128
5.250221 6.896324
5.224079 7.100729
5.251067 6.898108
5.237255 7.467667
5.275341 6.873724
5.270156 7.053445
5.233828 6.840886
5.245050 7.063872
5.241806 6.861423
5.294987 6.837965
5.220777 7.328713
5.242661 7.177472
5.289274 6.911520
5.261726 7.575943
5.286136 6.872399
5.239176 7.011941
5.237887 6.922451
5.226967 7.028792
5.281266 6.902105
5.304487 6.883193
5.217210 6.872889
5.232948 6.798495
5.192459 6.843711
5.217730 6.796762
5.286620 6.929753
5.243290 6.889990
5.239812 6.886828
5.279897 6.924204
5.215788 7.247126
5.258227 7.029482
5.285320 6.953133
5.286397 7.022437
5.243661 7.326661
5.250098 6.904645
5.303335 7.078197
5.231893 6.878310
5.199560 6.909207
5.232441 6.884695
5.236186 6.876608
5.257446 6.822085
5.239699 6.922843
5.177848 6.906616
5.279173 7.953541
5.221065 6.910084
5.234153 6.920759
5.258798 6.997283
5.220311 7.132262
5.281476 6.879451
5.221854 6.893221
5.232591 6.961323
5.261027 6.878123
5.229953 6.878856
5.194432 6.831507
5.221076 7.036950
5.205503 6.922060
5.206382 7.043240
5.310405 6.813859
5.309931 6.825033
5.240655 7.197409
5.213285 6.890694
5.278640 6.867514
5.215760 7.134350
5.224713 6.851323
5.190238 6.788898
5.184358 7.104627
5.211349 6.785203
5.207648 6.769741
5.216276 6.956088
5.263019 6.853008
5.185763 6.902455
5.200735 6.839329
5.186379 6.778270
5.235478 6.858185
5.227220 6.736552
5.249622 6.845960
5.194971 6.807896
5.190936 6.894070
5.207777 6.821008
5.190211 6.846375
5.282112 6.770754
5.259780 6.942529
5.257641 6.864008
5.185007 6.824351
5.176750 6.935534
5.221770 6.898450
5.220556 6.890914
5.195335 6.974796
5.239618 6.948612
5.270188 6.777695
5.226645 6.873670
5.231663 6.822052
5.242542 7.645816
5.247915 6.827085
5.222320 7.169528
5.197471 6.953660
5.171410 6.845638
5.201827 6.886374
5.171321 6.884859
5.256138 6.868645
5.223286 6.887235
5.198674 7.174722
5.156270 6.973470
5.233952 6.836154
5.196556 7.050850
5.250808 6.816499
5.182730 6.807204
5.248587 6.807355
5.244865 7.075920
5.189367 6.804046
5.243901 6.815206
5.204719 6.814214
5.244831 7.090277
5.201470 6.805415
5.213463 6.834558
5.199488 6.825437
5.197802 6.786589
5.194004 6.831550
5.216143 6.819000
5.176023 6.895991
5.238629 6.960099
5.250923 6.857610
5.166328 7.089210
5.213629 6.857853
5.177317 6.769537
5.204494 7.112733
5.203677 6.815151
5.247551 6.993823
5.187541 6.995342
5.185969 6.857551
5.228676 7.047607
5.228865 7.328128
5.207165 6.927586
5.217082 6.770285
5.218023 6.804413
5.240175 6.898649
5.205169 6.842871
5.241499 7.101622
5.177728 6.854841
5.186331 6.993403
5.144732 6.874327
5.195464 6.931953
5.190659 6.904931
5.169883 6.790586
5.157116 6.918192
5.197361 6.815239
5.228864 7.541224
5.216058 7.041563
5.100272 6.970933
5.213809 6.883413
5.192386 6.849814
5.276822 6.846675
5.234454 6.827164
5.168473 6.832975
5.186589 6.808050
5.196189 6.886141
5.181659 6.914529
5.221799 6.817275
5.164768 6.757720
5.165766 6.928668
5.280910 6.833019
5.207935 6.815386
5.229275 6.789051
5.198328 6.927381
5.172354 6.857778
5.295619 7.072442
5.290962 7.318590
5.180089 6.814534
5.161459 6.880309
5.209046 6.830070
5.154884 6.934872
5.195323 6.818574
5.202877 6.872973
5.151453 7.271712
5.207945 7.075745
5.193741 6.787346
5.193184 6.934170
5.202975 6.960694
5.146106 6.775995
5.142262 7.066809
5.142120 6.802050
5.238410 7.052918
5.134915 6.922316
5.152853 7.096826
5.144821 7.005614
5.203457 7.397161
5.191995 6.918353
5.157724 6.935145
5.130951 6.953739
5.142170 6.838576
5.225974 6.767135
5.167902 6.782991
5.189389 6.901912
5.136723 6.875813
5.139711 6.820117
5.179938 6.877295
5.128688 6.973703
5.137722 6.839756
5.142155 6.861174
5.159837 6.889771
5.198011 6.795004
5.145759 6.866354
5.152675 6.778205
5.162487 7.046759
5.156280 6.826035
5.134015 6.898518
5.146336 6.832944
5.134456 6.788152
5.161061 6.797661
5.146815 6.893586
5.144138 6.832402
5.183878 6.832074
5.162666 6.968237
5.140754 7.025079
5.186713 6.821665
5.123608 6.931080
5.119760 7.145771
5.187926 6.927999
5.164197 6.836545
5.145651 7.048204
5.172681 6.845736
5.154441 6.862314
5.129600 7.080555
5.170315 6.795913
5.130954 6.826769
5.178016 6.844261
5.167311 7.067767
5.183025 6.927071
5.141022 6.827962
5.114402 6.829698
5.150534 6.823840
5.157859 6.941247
5.173584 6.864898
5.194331 6.785392
5.129423 6.841497
5.147283 6.820593
5.141534 6.864412
5.150080 6.887034
5.136902 6.803615
5.169273 6.918913
5.125728 6.838537
5.124629 6.822755
