64.417076
58.334892
17.813326
51.637993
53.538910
21.122171
46.956181
38.697350
0.745931
41.998650
1.531836
38.152191
29.111080
40.750893
26.181885
39.554337
18.412380
2.837707
49.396950
0.820798
21.921648
2.033109
46.040730
44.682701
43.703987
35.881798
2.353759
1.923897
69.088989
41.171402
1.887118
53.327599
21.316380
15.529265
65.565407
62.359634
62.734406
12.752633
13.157878
1.645548
1.827357
0.631259
61.995613
34.794849
52.618683
0.646831
1.636280
18.046812
5.959759
7.848382
12.913692
2.745822
25.418531
67.274628
36.544323
22.480753
46.879585
38.946705
60.722282
20.052040
55.972794
13.172153
65.728210
52.172005
24.063410
64.748520
65.613693
38.279942
49.044655
0.878802
56.626431
49.258064
0.718760
4.862348
21.202244
67.140579
59.571133
4.167127
24.475986
2.032996
34.069466
1.550943
65.819534
10.681630
64.405128
12.718386
59.862972
49.223083
34.141380
41.820847
23.803917
6.243536
42.237545
31.804863
55.834961
33.582176
1.709897
32.314419
5.791551
11.008392
1.079988
54.634186
58.328026
0.844118
40.101913
69.386902
50.869617
69.155975
34.536503
67.501999
2.626700
54.875103
15.910679
15.836491
68.963928
4.076218
55.613796
68.637039
0.564187
54.546097
68.912491
13.015129
62.274681
69.300339
44.841827
23.922634
1.070067
41.976074
1.929008
21.827408
68.048805
68.958244
47.994400
1.233326
66.192368
51.313370
41.318687
34.399677
41.762993
38.939819
14.392503
7.481470
54.058823
3.608832
2.715909
11.831929
40.453484
45.005245
14.450434
29.158957
19.365093
39.038845
42.232727
67.470047
16.713900
13.233168
1.033102
3.088112
16.909151
6.723252
13.991425
60.866058
52.855782
49.130951
46.193039
68.435913
2.482688
22.089157
18.809071
2.753628
11.702209
13.403841
12.111989
62.876183
11.602413
49.412052
59.081730
67.152802
26.827641
50.182251
66.652397
32.290710
19.218939
14.156236
14.559387
50.783512
51.188282
0.829604
36.785198
60.617310
2.611945
51.174892
63.350143
24.134554
52.884209
39.616104
61.817909
1.328843
16.105507
56.209511
1.955946
68.469215
13.437281
56.395939
38.333187
20.616062
58.866467
55.213799
43.735043
33.978012
37.907352
21.874702
21.197748
21.761272
1.381648
68.740356
0.631475
48.472866
51.302094
57.037575
10.865260
2.047868
65.395576
35.011200
12.719533
27.760536
31.676680
45.832970
46.897202
19.152699
8.591624
69.091751
35.626488
28.342310
5.063334
41.127075
46.414970
51.247078
59.266701
29.403671
0.838546
38.859306
64.327843
36.319984
29.111080
57.197556
50.876461
58.391438
0.658814
3.527296
17.570137
67.703354
69.038940
28.126184
36.771099
31.701246
49.045189
66.507523
49.711891
48.917477
55.468109
25.934902
45.820816
1.838436
18.047119
2.733282
18.912001
3.515475
64.686737
0.875055
23.498594
59.976540
18.747726
65.759087
30.669643
35.890160
11.271604
26.689854
37.467239
29.111080
0.836895
69.220016
40.428764
1.602981
10.728149
49.400948
49.039688
0.872672
44.546066
44.494934
37.309792
58.739216
33.978012
33.879086
47.791836
24.063410
65.435104
10.802621
23.446859
64.292374
18.380642
28.728283
64.936951
3.787947
21.044971
53.097172
57.182030
13.256949
40.891243
11.984270
34.989380
17.169060
65.949997
57.942139
19.239447
66.980606
31.508366
34.725986
5.074905
43.660423
0.567168
20.443302
23.772903
3.371696
34.415424
30.548460
36.962040
13.692079
69.496086
1.658027
57.208481
38.270565
22.111473
38.368244
46.177979
49.409512
2.371276
39.649200
35.745842
20.508993
44.239376
12.049438
50.191639
15.470922
35.659439
57.754940
25.159777
40.958702
12.401634
35.438988
39.458256
18.566494
39.434372
10.546893
3.094307
59.018253
39.424419
1.979154
54.619240
37.490608
40.241909
69.469925
11.915305
69.306068
30.857960
44.734825
44.556004
67.529236
15.424245
9.982916
58.090385
34.541389
41.287151
3.762824
13.287195
13.839436
0.510063
46.054016
11.226760
5.473029
50.693188
34.758179
1.654657
12.555819
61.354465
60.554237
36.203423
47.915581
48.995693
68.930359
58.946796
69.455139
5.473029
2.909244
50.595428
46.987282
62.480366
22.297297
52.250198
0.597484
46.579124
3.288418
12.186184
47.104317
39.127476
66.512573
44.177986
59.372711
30.881554
16.855022
48.575584
11.523640
48.690109
14.336797
15.404877
11.152536
0.702084
29.129139
35.294685
5.283966
67.240067
34.697044
66.941147
42.258038
1.539125
64.884766
69.507904
0.497445
38.222588
1.441156
11.226760
31.126743
11.026315
67.991928
7.700054
68.453491
64.693260
48.126740
69.222565
29.307533
36.532906
1.512336
8.384190
60.212772
52.402775
44.582359
21.940094
23.960737
57.595276
22.749048
41.193939
35.143669
56.204422
1.230006
68.740898
2.082871
69.430481
4.784711
4.899161
51.756706
2.023233
11.289708
17.703918
5.368876
9.652905
42.813984
0.728060
34.192654
63.749233
68.471443
52.797714
3.105942
37.343056
25.096794
68.686043
7.602929
65.401451
42.479694
42.750141
0.828172
14.487442
48.050438
57.295013
12.486574
69.216362
55.051868
17.842049
36.963181
1.899394
66.221405
55.162746
2.603092
31.952019
48.834431
3.301753
62.479591
64.492401
2.642273
41.264324
39.397469
22.686163
19.597107
68.826942
30.288536
17.661180
19.535528
62.377647
40.502762
12.547495
45.570004
0.480788
11.959784
1.297408
44.338467
60.942165
48.612118
33.553890
20.078182
10.865260
68.446182
50.156898
15.475924
67.602676
45.668587
39.820805
27.177370
43.737644
46.204918
19.640064
0.848769
48.579239
43.430965
69.447601
53.645012
36.708366
55.642181
32.274567
4.265986
45.957420
40.525375
1.512243
23.029327
69.141113
42.574677
25.042406
22.787275
56.688984
26.628860
7.710349
64.817673
54.631577
1.020167
20.632023
65.651672
46.961609
4.599099
52.131557
36.556915
18.034691
20.543821
49.910629
39.291954
59.031219
18.631454
58.846104
14.664305
68.755104
1.478093
57.731415
13.904326
44.588100
30.271687
67.694443
23.500671
4.469709
11.125549
15.637184
48.013336
47.661114
13.692079
32.685959
0.492180
63.979092
44.519909
31.220490
30.785215
59.498028
69.423553
53.485252
34.723000
57.885296
37.851067
0.572648
40.083187
55.755440
66.991234
67.375092
39.572380
45.351479
50.077335
69.442795
15.086117
5.108851
10.645473
38.888626
11.390711
17.033714
16.304195
66.879059
1.304630
27.242752
26.892086
38.735035
16.767864
46.715935
38.014465
51.102890
52.993385
21.488352
49.099518
28.640110
69.077904
38.910728
15.307414
34.859226
42.035454
18.102757
67.523438
68.114609
45.754601
5.954172
67.960342
40.283913
56.532639
42.560890
33.773533
4.180176
17.683262
67.131989
68.693695
50.403759
1.568782
63.372253
59.662075
26.880310
33.054237
52.306496
69.423645
65.346527
2.997156
59.835369
51.673130
66.010643
47.901348
7.890553
15.439315
0.936454
63.493034
4.003490
17.737597
6.114989
7.647231
0.600049
32.642368
13.403841
44.604301
3.064763
40.366684
39.124123
17.481943
1.789915
66.569527
27.624447
62.043148
36.567505
27.460159
12.686855
0.988413
6.917140
55.040260
56.524834
32.156700
16.925566
14.072221
55.444004
20.052040
45.415016
1.127914
12.580692
61.516918
53.638405
1.899394
8.210070
0.715156
21.340816
5.480415
43.081345
31.919922
41.042641
35.624535
4.924416
46.974022
10.750669
42.543129
65.499504
30.281895
40.886604
36.952522
31.661266
1.149565
14.360891
1.269201
45.491577
67.939590
27.188259
40.199211
67.191246
32.812244
5.280360
17.266571
68.006332
45.851940
23.385723
55.616295
4.353884
49.005363
31.602356
34.402992
36.202728
40.057083
24.156466
54.720375
29.102045
12.643934
0.991320
58.875603
22.536676
52.916702
55.941441
5.239320
39.777439
33.344246
60.000725
1.314916
67.367348
1.515638
46.054344
46.208652
18.816368
28.728283
65.409264
13.678497
28.466042
37.399956
12.711773
22.016357
68.521149
6.024793
54.102966
59.750092
6.230042
15.297631
17.240177
25.102192
37.415760
27.090122
67.746254
54.612267
14.859961
43.411324
54.617767
43.590309
41.920513
29.488962
42.778606
2.256274
24.888519
63.148804
62.133049
31.584606
10.523366
19.509703
45.035282
18.551147
5.193233
23.898428
53.510902
68.700241
34.038231
64.156921
4.251858
35.178452
17.240177
58.203781
15.289862
26.820852
43.141693
9.155375
68.720810
34.233551
0.611001
38.020752
0.748407
63.198170
41.134689
1.355807
11.364359
29.357830
1.580660
22.096169
55.905499
1.164867
23.734344
22.361095
29.865490
25.224131
37.160679
69.506721
18.887747
6.796013
53.254284
14.683351
12.539295
47.265194
14.492398
19.308922
13.403841
1.285484
1.233326
21.087414
16.176508
14.194319
35.725887
45.792633
1.637604
68.437225
4.205270
44.855194
39.397469
43.988491
11.257929
1.708819
59.284363
68.788269
1.400894
62.041348
57.003132
8.722550
42.802444
69.565674
5.060696
14.032931
15.004501
38.604668
0.600049
16.515686
61.374489
55.413681
65.126556
12.027887
69.324928
33.779472
62.971935
61.001633
55.594933
32.674408
46.562553
15.742414
2.744426
2.546912
16.962982
26.221756
56.248749
51.765110
45.191940
51.463734
63.693325
60.955185
34.873981
25.853447
0.666192
23.526197
42.158318
0.537678
29.255859
24.407545
64.744019
33.952923
41.167763
64.541748
19.731743
34.231178
38.557354
53.387466
63.803368
47.874882
33.500938
1.105287
12.905581
40.801983
26.961441
20.074629
63.595253
50.033127
29.499273
25.713011
49.474113
64.304153
1.734883
43.210415
57.271629
40.212025
37.861668
28.847610
40.924530
37.737141
24.053741
3.080067
40.219299
46.729103
60.543137
28.119371
31.241186
2.638536
11.129112
40.515213
29.878506
51.852013
69.124046
15.435610
