74.794952
82.963409
82.471603
91.018250
93.263382
43.711746
36.225010
1.001995
57.087208
94.071655
19.725765
81.175186
86.988052
48.928860
74.939835
93.803635
48.999233
43.523575
79.392029
50.331287
57.041653
26.129601
89.601639
45.323891
39.140915
31.238176
53.571907
41.983276
64.899139
29.595516
5.751578
51.686668
59.770664
36.133770
51.762421
64.970398
99.222672
81.827797
82.633766
90.273499
57.541153
95.369232
77.677666
79.231583
52.207771
49.115746
40.759777
28.708332
20.263786
52.351391
21.052614
7.399058
104.499481
84.019287
19.405792
39.125946
31.845226
77.195419
68.062317
70.547211
31.845226
34.396828
100.768639
12.614180
38.273914
48.705788
72.226913
25.822262
29.388487
82.796768
10.004722
23.094097
95.834579
16.534595
58.730164
70.018539
47.796459
34.170956
5.671650
59.085571
98.406845
73.949173
73.993103
35.189049
44.856728
86.366486
85.071236
98.009338
67.574104
52.749733
104.488373
38.430283
40.497910
53.994106
101.789917
1.726670
39.966381
65.991470
81.632446
73.652176
7.593862
113.536163
71.978012
19.988501
-1.264876
19.054028
45.160858
44.943150
93.034691
88.158974
32.432594
18.461052
56.673916
51.410835
50.286407
63.210926
98.908958
36.691521
102.690163
51.623379
94.456909
7.284328
46.355862
94.393509
74.111633
94.956299
32.974628
12.026205
23.548977
101.936821
82.355072
13.259767
30.171360
22.656639
81.702606
27.559963
41.623814
44.253803
65.928978
7.003629
11.474758
39.435692
21.529224
9.465841
28.551693
10.870367
94.340652
91.944687
26.090305
90.853836
83.544815
84.912041
85.479744
71.863304
79.115860
33.118584
35.811665
44.275146
85.479744
26.417603
62.545078
61.926018
62.244961
58.328686
6.700768
38.649330
43.959358
67.460594
79.080490
45.471493
14.001752
45.499290
40.066025
37.852684
35.560394
85.702713
16.630878
8.185604
79.667374
13.266764
33.717552
82.910110
78.607544
35.987507
68.249702
89.733673
64.973831
95.331802
98.958138
99.694366
62.296268
94.982269
65.058060
56.966591
59.631733
51.596245
37.107513
39.021442
37.343475
15.619948
78.110695
19.062759
51.102642
97.381195
72.399040
94.703239
41.116772
38.810181
24.600462
45.620544
42.732841
5.788764
53.351295
40.377254
92.971336
21.805380
92.130997
60.655769
103.547813
30.399605
75.603775
46.692276
4.984285
47.598602
60.339550
34.119656
15.169018
69.524239
42.297966
81.970848
56.527168
4.133427
77.774536
41.087204
26.937037
95.005585
22.542091
39.670815
48.928104
98.186508
104.159790
90.134995
37.676971
20.624014
90.988701
52.655548
69.139214
2.818019
40.235329
27.916649
37.892712
74.643158
12.463646
4.594860
1.610410
87.314209
69.203049
41.269493
46.055676
73.789505
78.823364
34.949593
65.172974
60.092861
50.567734
91.030640
97.506760
77.324463
54.435390
40.545258
17.224957
67.638062
93.668129
38.587833
102.832588
51.319725
67.663513
6.849025
35.892963
37.178154
30.302160
17.266273
29.960955
28.591167
88.741043
31.455523
59.201721
68.832901
58.065765
65.002457
92.238647
56.751728
66.560028
101.210388
40.257431
73.524666
5.703888
43.522079
100.006927
20.183681
10.069383
62.375790
91.836342
47.550381
7.109516
78.779938
59.797894
93.672852
63.152817
10.861691
46.470375
82.836746
5.558479
27.090130
19.718687
1.301949
6.618623
28.142021
84.900398
32.845879
42.834343
17.171146
98.382095
99.269157
52.313427
58.922951
30.670898
47.027069
57.989433
55.861511
13.790222
67.354416
83.768089
11.645739
18.836489
27.178196
23.791367
86.196922
52.242775
96.766640
100.145538
85.952667
25.342873
70.123482
11.739084
53.088058
104.165268
37.281158
88.032509
6.337890
52.524200
75.003571
19.699661
30.230543
33.420746
18.461052
33.182022
92.313896
10.190472
17.037338
90.023926
68.264786
91.321899
52.491817
60.670025
89.078468
30.056015
6.957217
71.253395
7.263009
57.996521
74.505661
97.562653
21.575350
67.833641
46.909958
49.624729
68.337318
65.028465
7.972170
73.367798
16.315685
88.575806
21.147873
64.898621
104.737190
54.109131
23.028418
9.737372
37.272213
70.406036
78.810753
10.652416
23.940990
103.894997
86.544418
22.987576
90.934799
60.701103
38.933853
71.671906
61.982113
76.049622
45.775223
64.581917
93.552025
85.525620
47.222809
81.674927
54.636185
70.688400
47.826630
42.103821
35.968388
78.473740
92.507088
18.251705
95.335938
59.536873
87.297607
90.364342
30.241219
59.629204
61.826309
27.328085
50.704460
2.346018
86.029358
65.352112
30.782022
75.100067
7.412568
21.879013
24.047779
88.959412
108.276947
26.789831
24.650675
24.684031
51.276451
11.275877
97.300041
102.082626
77.292252
86.175919
11.969643
70.534958
48.059532
78.023651
92.339905
32.974628
20.119267
110.237823
99.244568
82.966110
101.465187
9.580364
64.545273
22.232016
55.512676
109.992683
39.125946
40.252148
31.397203
57.857765
23.934183
33.524605
18.778093
54.668697
15.713126
23.341923
66.758972
16.647190
34.968494
28.863060
28.962248
97.695755
51.772514
62.702450
73.268143
7.792089
3.014850
2.468876
87.462029
10.303026
61.289268
61.418514
41.138672
85.493637
45.555317
89.867859
72.354630
61.741928
8.877605
91.372208
20.326223
45.701897
96.123970
100.108620
45.048847
31.429169
32.965641
34.949593
54.212708
33.337906
6.005923
45.981880
80.753685
82.554741
81.530495
44.208817
105.248199
21.931255
20.967869
26.383659
48.807983
3.390283
79.007843
89.344337
35.400494
29.014450
30.425472
95.824127
46.787521
60.561066
95.634796
76.577065
34.755344
57.126694
94.625061
67.469818
12.036318
59.364815
40.410534
88.669136
18.385223
57.580750
17.594736
88.549553
27.642740
5.133237
41.414375
88.065834
87.162354
32.423485
32.467476
12.934673
103.053757
36.210495
34.968494
110.586731
96.523758
99.931396
61.023853
58.581436
5.941401
27.886328
90.763428
68.669983
86.457947
39.943600
82.703751
73.735352
77.665344
85.892670
91.565269
84.565422
47.746513
23.535360
80.345161
18.298338
104.586502
26.643116
25.422850
54.417854
44.391197
12.258331
17.171368
9.272774
51.368694
23.531675
23.486458
70.629295
98.597183
-0.443026
-0.509475
30.955460
15.656914
49.313408
49.058754
55.418243
61.878613
80.159515
42.539192
70.393089
64.955734
21.482613
16.319616
41.062782
53.365395
58.882401
69.078789
92.721390
100.499588
70.262070
95.802460
6.940657
81.417946
84.801819
34.534031
91.108292
97.633476
24.966846
83.361702
98.995300
1.476424
77.278969
81.356644
61.888603
88.444778
22.786245
79.377739
41.831352
99.405746
8.789639
39.561947
88.574295
59.789696
89.031036
82.037720
85.740463
97.336533
80.600433
25.722584
67.472260
44.645649
21.824627
95.046738
90.859116
14.368906
63.376862
54.552025
8.789639
4.992548
92.517975
12.723093
93.822311
21.459320
38.739662
69.457855
81.367874
91.794250
55.943466
16.747520
73.717316
21.032825
82.137604
9.638366
48.049576
6.161812
108.008987
73.704498
76.895096
87.966782
31.283052
94.303734
49.624729
44.710213
0.971300
43.993652
36.166969
102.803474
67.555222
46.139187
50.718155
44.221535
98.913826
64.369781
43.604198
40.006001
35.725113
69.327415
73.743736
10.579906
39.910744
98.970291
45.960667
30.113224
91.320328
65.213791
13.972133
90.739090
31.297636
91.978409
66.446213
76.342636
49.972366
9.003371
11.666009
22.963865
58.359707
78.055298
44.060089
92.150681
47.778831
15.648026
48.249989
86.284866
5.523360
79.154312
78.392395
11.709505
70.816650
89.936035
13.917168
89.934952
64.703552
12.455216
79.020508
5.558479
11.223434
103.624290
76.227402
66.570442
11.124028
69.495377
101.047318
72.963486
60.737598
87.289192
25.422668
66.921516
14.738990
8.137194
22.062019
27.209259
29.634537
75.421310
15.301425
30.004517
81.430618
56.565292
55.482227
46.626644
80.461838
5.659096
36.017593
66.951996
85.163132
36.893299
18.939796
-0.646718
54.795242
35.065899
62.967472
59.725349
58.221336
83.698112
84.301102
93.786011
52.589661
4.722717
5.778498
53.485580
55.317055
11.031175
56.884087
67.095787
98.087173
44.124168
10.053134
52.394691
50.548328
84.264954
47.249889
51.893719
77.414612
39.058037
50.412598
32.705292
73.991043
12.436649
74.126900
87.526421
42.616653
2.106839
83.047867
57.337776
47.749195
3.504496
85.892670
39.125946
25.652800
49.613571
79.533066
72.425247
85.786560
43.785839
71.308250
59.629646
10.069383
37.090149
38.999756
48.500069
65.016418
54.902916
3.511756
58.812813
76.144348
31.439337
19.873436
0.588932
86.564865
92.318794
82.831833
98.404762
70.249207
12.981685
49.597206
18.461052
106.249786
89.984818
37.669434
26.233688
44.401581
47.667206
81.766434
80.317329
84.593468
21.367882
84.325424
15.739079
98.724686
95.342697
87.771965
47.952820
48.331947
99.847122
12.455216
11.274639
56.423950
61.011581
83.062714
71.920746
40.634491
71.242371
102.288773
80.908157
2.806703
66.320801
32.631294
1.383605
36.617645
2.039858
72.727051
2.004400
89.050903
80.154770
40.151443
97.876587
36.579422
15.090117
76.595215
80.588623
100.397278
73.216415
35.528839
97.553116
34.074230
51.292374
5.133237
84.027817
81.145935
71.665611
27.078388
15.656914
69.655685
68.715553
90.911072
71.582062
94.654358
52.743305
45.936226
102.092300
52.194550
74.583786
18.387897
76.101913
28.855169
115.085815
81.168045
62.718777
10.747737
102.532372
9.455858
20.020266
8.308650
59.332218
73.744423
18.484591
