87.266853
42.769508
57.551300
53.674095
60.352192
34.465755
42.432285
27.474052
55.832142
69.659706
55.020874
16.041088
49.382935
49.111343
47.539051
62.251385
66.741997
71.524147
33.406944
98.482018
126.068192
49.206078
71.087990
78.924568
85.073326
7.833799
67.442360
28.138809
81.913368
132.336197
36.967316
9.850588
78.020462
27.755562
78.013298
83.161598
61.116707
71.829643
89.660034
75.997704
75.570656
69.400154
121.425026
38.736412
83.534782
70.021011
72.965401
24.523668
87.220222
47.545967
96.211281
66.523682
112.018257
48.809433
37.494816
12.490513
46.016029
24.128731
32.814625
48.839607
36.235981
73.139023
46.466949
51.101028
105.809013
53.689919
62.903912
93.659698
56.841774
10.781528
68.225807
16.428751
48.536503
65.392685
17.991222
87.150864
49.323563
12.502522
57.322208
15.946848
95.498238
80.435860
18.157919
44.958523
53.964211
28.635252
50.016052
28.003859
14.685274
54.486061
89.898056
29.065548
64.055756
90.108734
104.438332
98.845360
118.073723
80.999779
11.737572
73.210114
68.215637
53.112301
30.953030
56.236156
77.547073
9.433615
43.915848
31.289169
50.374115
15.655872
99.184929
92.633461
56.697327
84.712578
41.769341
99.844749
117.563560
10.805361
69.473999
59.344917
45.145229
41.062099
81.683662
12.495481
20.537722
20.137121
88.007935
66.845703
67.175064
65.184311
30.496239
91.820091
77.437119
20.311289
105.334335
98.262917
16.090712
37.806416
117.957222
99.667076
84.094719
15.159166
111.241753
16.211168
90.304222
11.230541
24.194977
36.604298
71.784996
105.899139
18.815899
52.210163
88.845314
45.064617
17.652088
20.940651
36.640373
83.850632
22.006268
95.985603
50.746025
45.305759
75.559807
62.227943
80.643959
48.330254
48.174438
84.219582
91.190331
50.102173
81.621956
71.306198
72.585739
51.374687
93.447807
28.799171
50.725136
73.261925
118.985512
82.854004
53.133244
63.247063
54.559422
49.956936
10.348299
28.594336
73.312111
72.298996
98.589371
21.504566
83.668068
36.694408
43.413532
11.684126
96.686607
37.744545
18.534714
39.556625
34.422493
75.143227
101.539345
15.496262
35.788513
71.353172
27.157957
37.670620
87.546349
74.191177
104.870689
27.611408
34.736343
27.171968
53.305771
18.395115
53.388638
13.545042
61.824711
53.770210
30.929001
35.370552
64.345299
44.052742
21.672709
62.408836
33.511810
69.347122
133.343170
33.552685
110.767815
44.134193
76.634949
108.991173
9.715528
9.061888
92.301750
93.184380
16.303688
69.350700
65.585632
106.955666
72.023766
98.500648
108.331596
14.094597
93.541969
12.176851
70.381706
24.227539
103.465889
18.691296
68.437218
39.369781
51.278648
46.253120
17.074078
34.014107
28.762537
63.550720
50.341705
11.058743
77.462074
95.815742
45.543922
98.262413
14.540682
90.995415
78.726097
119.329124
18.543917
47.238697
68.880928
104.336342
59.779457
57.352470
50.083633
56.299614
18.360142
17.626951
70.243309
57.283642
45.382324
84.959068
11.816166
31.651327
63.499664
105.411331
92.332870
43.461876
69.822639
20.894463
85.049866
19.776621
81.162117
56.660240
62.000977
61.187103
68.320244
21.470726
62.415085
61.465843
58.341331
51.503521
25.905041
92.151680
21.252928
58.028622
46.902634
128.837646
81.788521
30.284405
21.381367
25.232063
86.817589
89.516998
62.987717
22.347237
96.877113
92.310188
90.574379
12.391554
38.854057
60.594555
28.390701
49.955757
62.646080
69.233414
58.061863
37.573376
29.876076
98.115585
98.882339
73.279808
38.306541
25.840202
57.425503
55.453651
22.347237
44.179733
98.521004
12.453674
79.725021
71.179848
20.894463
30.181534
42.002926
32.516232
22.637581
74.462906
30.391008
27.836298
87.272118
76.310364
102.258583
15.078218
50.878723
73.100929
87.279709
50.018768
68.732262
51.795753
57.192978
48.674843
59.456360
86.511795
28.003859
32.044441
16.132710
84.290031
38.884914
23.988110
19.253077
49.812195
36.769489
27.944660
24.917873
15.999678
15.404793
10.454569
46.703629
39.324738
57.572475
81.481178
72.353439
63.819489
31.948944
28.732014
52.159248
41.469379
62.987717
19.133072
53.063629
49.527260
17.766176
41.573250
69.516502
61.119469
65.566177
79.046822
92.367805
18.098188
48.471233
76.649345
90.473480
63.982742
43.321114
40.976009
34.316479
98.551651
34.350006
53.701904
59.625488
76.556808
49.158772
92.042816
35.370670
38.731995
92.852806
40.990795
15.022844
70.934074
85.648384
88.156502
76.555611
30.814808
42.452831
94.240891
62.741337
24.270838
58.938179
97.855835
23.056835
30.062378
32.656826
86.288193
24.825132
25.255003
106.252357
21.728889
26.884174
89.947212
44.135540
89.526428
18.620073
77.184990
34.921532
104.596069
31.727394
90.226662
37.988113
60.728661
21.021427
55.570770
68.935539
89.278557
104.761917
18.395115
6.699251
67.039055
27.247345
18.366814
27.217707
18.897949
64.266342
94.541557
92.837425
99.972649
22.914753
28.553062
57.097038
24.493223
70.073906
78.576790
45.774712
81.442192
49.641708
88.703773
15.601402
116.294388
28.476070
33.633980
19.425592
36.184734
58.034031
89.463432
42.662086
62.545258
21.747992
20.397396
54.527214
32.363636
79.545898
56.311333
90.760612
42.554489
63.376465
80.151321
83.099388
69.301346
8.337212
12.029427
28.902023
61.227997
89.807365
40.548771
23.206591
40.880127
18.848431
64.363831
85.958153
38.306541
57.319832
37.301979
89.897400
53.964211
21.932449
32.841541
104.773720
88.216438
87.675423
80.285667
75.153908
52.199245
24.532316
23.775230
70.567902
45.744026
81.995003
10.302013
75.236748
40.036568
13.151537
37.274693
73.458260
35.017410
78.645515
69.861687
52.255890
78.924568
35.237698
69.437477
73.554016
16.117039
66.370819
44.681732
40.247959
41.677383
96.841942
96.265602
63.968941
54.207592
92.189049
65.052666
17.765070
55.538467
54.848827
83.940544
6.699251
20.894463
67.019836
55.928032
96.100372
54.398117
51.049629
27.319330
49.522148
57.070755
79.044083
84.442162
26.792515
45.479782
71.891014
19.159033
25.037663
17.031233
67.521309
94.202919
124.568138
131.289032
46.054893
64.949371
60.575611
12.840937
34.736343
31.587055
110.951561
18.195065
50.474731
21.809023
102.920128
27.937344
58.283150
33.587261
76.056366
66.121948
16.107740
72.564117
76.287682
65.868248
93.451897
16.912104
78.600975
93.584816
22.347237
40.538734
48.661388
60.231438
69.735596
43.679913
39.582535
94.040565
75.877426
36.653290
33.014492
86.246315
79.132393
74.532494
42.222427
88.007820
38.736412
53.047905
52.885376
9.120211
74.543571
44.163635
90.970268
17.077690
26.816896
34.156704
20.495617
35.792629
39.677212
32.529739
74.029411
79.892708
17.831223
85.556137
95.913628
67.518661
38.305019
31.002213
32.573257
87.765251
106.011284
30.373171
57.241001
48.336922
18.360142
59.090500
73.517731
44.135540
97.336754
12.070633
61.570457
54.398666
51.043259
61.509369
20.659866
9.933915
30.364595
119.436684
20.486170
70.860611
15.363997
45.489960
11.958223
22.451443
43.224926
27.075134
58.163948
87.367073
70.627190
37.776150
32.702049
12.272005
7.895926
43.945900
83.051628
55.470955
105.236160
53.048035
29.848154
38.721630
87.402023
53.964211
48.966927
64.065712
70.478745
70.934074
82.415268
94.299156
52.162689
83.557549
44.402725
46.098755
60.064960
13.634445
83.234993
60.012619
16.912104
13.630487
89.095459
71.319511
25.860058
66.373604
98.367241
41.201229
42.002926
48.070499
18.789230
66.895256
65.275742
73.459312
37.346855
90.069832
27.334057
43.713219
27.223331
53.292442
93.958199
46.344719
17.300367
30.988140
18.941929
76.564285
53.132454
80.253761
60.243954
34.615639
89.045959
93.894493
15.363997
46.871277
47.520008
106.981285
105.416374
76.571930
104.941750
16.266117
38.347366
91.315605
80.559357
45.705383
55.531136
24.623924
71.894501
32.672470
6.779501
58.966305
51.891544
45.686790
55.100403
76.481186
46.079659
37.274094
79.416260
31.063538
85.752342
15.977257
66.741997
65.182182
45.833397
34.837635
115.232292
50.313457
54.190441
11.573814
65.693047
68.358307
32.069637
72.780510
26.434887
79.001114
77.199371
41.444912
81.807472
39.874432
38.872173
40.189667
65.006317
29.775505
59.807907
16.107786
58.009743
98.824089
59.676220
27.997936
12.312729
34.883610
76.326607
104.467705
97.480247
80.506477
42.521091
48.650246
117.127190
101.842133
111.774567
34.833336
54.076054
69.003151
66.121948
93.705704
65.352539
111.468132
19.025917
39.658115
44.425247
24.940536
58.597656
85.767387
45.752644
74.691986
27.463970
16.126188
86.914734
89.906837
90.265923
81.723251
56.176838
81.458748
11.871751
76.878944
92.957977
96.102913
30.251480
80.537758
66.272987
9.546663
92.419067
31.853477
87.827614
25.679699
67.867676
13.157684
36.813725
46.590267
7.020254
85.040474
118.598335
72.489647
39.858204
73.278587
44.328247
58.236416
24.730656
91.325111
100.000175
54.164482
65.116020
78.991982
17.746500
87.987228
91.018623
58.463242
70.868553
36.598400
41.765877
91.796806
21.636650
26.924103
50.101936
82.277809
87.805305
46.127045
19.289330
51.545563
47.229279
56.922894
28.003859
20.871607
