71.745598
79.757324
78.847984
88.723976
90.928329
36.264412
36.038284
3.897874
49.963837
104.768723
16.068857
85.429375
82.756462
43.693508
97.721931
94.880379
41.245007
37.232170
67.446732
44.497662
54.135498
23.215946
89.176338
41.716377
41.700783
33.562881
45.677094
35.011341
62.131176
27.198328
7.987617
110.269936
49.875519
31.363758
47.239727
72.147804
102.626625
99.548126
78.363274
85.031654
51.649216
88.563957
77.656906
73.599426
44.793350
41.145866
44.794083
24.243971
18.244738
53.077126
18.536974
10.417415
107.575272
85.751076
21.141874
62.298096
27.358725
75.847168
92.119606
76.466026
27.358725
27.473894
104.712990
37.903008
33.311134
54.356560
65.071724
21.562302
24.847170
80.003593
9.148566
33.800556
97.293816
15.843581
56.933819
70.291313
47.289970
28.590809
7.314121
66.604492
98.896622
65.641197
68.089973
28.976755
48.697372
87.369415
78.784271
84.984001
102.867142
49.255421
100.080536
32.668098
45.081856
51.463604
102.481323
4.095996
33.470272
60.772884
74.354286
89.289482
7.065209
124.550087
66.107193
21.464905
2.374847
14.743144
38.412506
37.494022
153.942108
141.692139
27.524303
14.393272
48.822376
44.652172
50.425472
71.206268
98.636459
33.356213
102.795906
46.657734
89.773483
8.208838
56.599037
90.859581
69.651093
94.732979
31.348890
11.799427
20.018072
109.991241
79.375320
11.638164
24.357412
19.074846
81.260620
28.039354
37.217876
38.006165
65.261604
7.430102
16.090107
42.014130
18.582457
11.536021
23.535353
10.324571
101.681007
89.928909
22.890001
86.944756
103.433685
80.156372
107.995872
64.496071
71.042992
25.692238
31.588427
52.122700
107.995872
22.124153
64.280380
61.730831
72.687431
66.698616
7.817648
43.698494
37.893036
66.174644
71.602715
50.850048
13.530747
37.634773
58.628567
32.639694
28.541151
82.843674
13.967584
9.132785
76.991127
12.230844
32.145542
78.666191
70.778847
42.181946
62.999805
88.638054
59.762833
90.123474
95.106979
99.365715
75.678711
91.374496
59.170063
50.878006
52.960968
44.896832
36.798882
36.286606
31.191828
15.914481
88.704308
16.182695
51.221073
96.213722
67.550743
92.510902
34.143150
33.210541
20.324110
39.217419
43.639145
8.209789
45.231064
38.851952
87.412865
19.812033
101.646774
54.169647
102.784111
30.710955
71.517464
40.170074
28.439053
41.982071
54.409882
28.636950
14.370484
77.671928
41.559437
77.710670
52.062935
8.344765
78.698647
34.644695
25.103622
102.121422
19.203697
33.569687
53.614185
96.813995
107.695885
87.056602
39.199932
16.322393
105.437004
62.493828
65.913910
4.610695
33.945709
42.778988
39.291965
74.399765
11.564013
6.140528
4.272810
83.107376
62.495636
39.529022
39.375786
69.640625
78.779900
35.981873
62.333382
54.185432
47.098724
87.944519
92.534813
76.429245
49.734455
40.088707
15.901839
70.404137
92.018745
35.554588
106.335892
43.855011
62.893330
10.965820
37.786324
32.198772
24.676853
13.707123
27.787287
39.090176
86.165199
27.757196
85.018120
90.173431
54.664223
56.362831
90.232353
50.564705
62.149948
104.797043
38.849819
94.602592
6.929469
42.287498
95.958961
18.708557
19.570211
56.554504
93.351479
40.988281
8.617696
74.393166
53.169174
90.379814
59.029701
11.297699
41.125221
80.127403
14.963405
21.642157
16.461832
7.840327
7.893315
23.099493
93.633095
31.260687
34.568382
15.062303
93.181564
96.098328
58.441277
51.694618
26.314423
42.407352
53.117218
68.110458
13.684980
83.984077
78.134750
10.253669
16.524340
26.713339
31.462965
83.005295
45.776703
100.372047
102.433182
79.744614
26.792757
62.829136
12.792388
63.307480
105.735809
35.623833
85.619278
7.500847
46.676994
72.067459
17.281544
31.454901
32.908669
14.393272
28.777172
88.221382
10.494740
16.790522
95.144508
66.836800
98.240837
47.969238
54.184280
85.782524
28.489563
8.410369
66.071922
9.153899
58.425236
68.188217
93.652840
16.747240
62.243484
39.553303
55.361458
79.809013
57.996384
9.147379
77.353394
15.894667
88.879257
18.887213
60.370911
102.162483
50.476223
20.728432
10.178628
43.104614
62.633644
115.932770
11.809608
20.966391
137.777512
80.365768
20.109896
95.989975
54.822411
35.893948
64.424225
55.868896
78.830696
47.442253
56.141579
89.815590
92.237617
41.109833
84.252419
52.792885
68.588928
42.898407
42.560928
32.911835
91.949112
90.251770
15.558791
90.492172
69.607613
81.194496
88.881874
32.619514
52.412903
60.247444
34.331886
42.956886
4.386712
81.038658
63.602150
32.935959
69.611694
9.838138
19.647379
25.351477
89.749413
110.849434
21.922041
21.992064
24.213589
41.325630
11.486304
119.704567
109.135887
72.179893
81.354820
9.834598
62.851856
41.456791
73.025589
108.931664
31.348890
18.942163
111.230568
96.228920
86.750755
98.100105
8.902913
66.985649
20.239065
47.921852
113.256645
62.298096
55.554367
33.164169
51.239853
26.536037
33.686752
18.339504
49.275017
13.715005
19.925514
64.610992
17.363125
47.654968
32.507774
27.986643
94.399879
48.169197
51.623547
70.561928
8.902905
4.635059
5.251260
90.598488
11.624149
53.480682
53.906288
33.854721
84.094757
37.754421
86.221642
70.190239
54.432198
10.606818
90.114235
20.444090
40.954933
93.984795
101.114876
38.861526
29.929365
31.549498
35.981873
46.710243
28.510653
7.402804
40.011787
95.763077
90.310120
75.890045
50.935627
109.491112
18.823282
38.423172
24.012718
43.395168
5.940726
89.818161
93.613785
32.464142
23.860582
25.032221
94.660240
40.101334
53.954201
97.151054
72.651436
39.326000
52.048973
98.534927
59.124798
12.018425
53.725483
32.848484
82.746056
16.069090
52.062073
17.453257
89.972298
23.560217
19.310129
48.377129
90.176315
84.926178
29.627922
34.802818
11.178964
106.810310
36.655163
47.654968
111.724236
97.110786
114.893829
58.335922
71.935913
13.285890
24.797510
83.931061
60.462727
79.757149
67.732925
79.190979
88.692406
71.739906
110.005669
86.579704
106.511124
40.859512
22.506226
74.850197
16.154751
107.941093
23.631138
22.177126
46.893314
45.908806
16.363157
16.362591
9.223392
44.219486
20.485571
24.547609
71.927299
106.856750
3.553735
3.100242
24.666742
18.959028
56.297188
47.335079
48.032394
58.083961
76.709465
48.588406
68.840462
60.821037
21.533957
18.336887
40.390041
47.684727
49.629723
64.251366
94.811089
102.710487
65.929665
120.439537
9.852738
74.376350
77.820229
29.987692
110.700493
98.843987
21.082479
75.853699
108.167526
5.263139
76.696213
76.058846
65.819527
82.730515
34.826168
76.675034
47.659920
98.897804
12.451678
53.664932
82.317909
65.383492
85.470528
76.286766
84.575668
99.326614
79.961327
22.378298
61.205383
39.358513
18.834520
100.729652
151.461136
16.761810
67.372704
51.432247
12.451678
7.082757
89.322670
13.588447
99.672516
18.021885
32.901897
111.177498
75.920639
89.137718
51.569435
14.498442
68.074760
18.002949
80.039268
11.973711
41.886192
6.494254
105.526123
68.771690
74.489128
88.858696
26.346964
102.209961
55.361458
38.217533
14.578150
41.806374
32.268665
123.243813
58.969990
43.652214
51.740192
38.959251
107.753387
61.193336
36.863132
37.837044
30.620340
59.735550
71.242592
10.183236
34.860455
99.914124
41.182400
25.179350
87.456551
57.912807
13.513534
83.792160
30.844955
97.635139
59.205559
68.619225
44.527966
28.824308
10.612794
17.469122
62.467255
91.100365
37.926228
89.840645
40.673141
14.591383
41.261833
82.854614
6.638004
75.401543
79.270699
10.542972
67.816147
87.105927
21.748119
93.163513
87.872932
15.976569
75.948303
14.963405
10.415092
105.117157
71.747841
65.874924
11.046754
85.570778
97.125854
67.109200
59.044502
82.208260
23.486937
63.090473
14.586101
8.051830
18.785583
25.012609
31.605539
68.066612
18.988230
25.729631
74.740784
66.832504
51.608807
39.663158
71.002518
6.757670
34.386467
62.148823
77.401878
30.144070
15.616839
2.528711
54.776459
40.066742
55.912838
53.456703
52.472855
80.015831
87.131844
89.518593
50.524754
5.918171
6.659250
54.680828
56.414597
12.643248
47.740654
61.409187
91.477684
41.948818
20.130730
45.242249
57.586655
80.050018
40.073402
52.312943
101.154007
34.051601
45.513725
28.494114
69.148697
13.868299
86.151886
89.310196
35.337841
4.207907
80.491898
69.493408
45.872406
6.425280
110.005669
62.298096
23.734932
43.185680
71.643814
76.004654
106.172935
38.706730
89.446465
53.856575
19.570211
35.289238
31.741758
42.181438
57.504208
51.397129
5.537510
51.351341
97.637489
29.818991
20.525938
3.892069
83.358856
89.480049
92.336334
96.336258
72.003548
12.511734
42.317024
14.393272
108.522606
80.354408
32.461189
22.069471
49.662590
46.183800
75.191246
80.696953
80.372658
21.247589
86.356171
14.617832
96.453552
88.323967
85.725121
46.370567
41.934280
94.979904
15.976569
11.638921
50.221718
55.619896
84.902687
65.804237
33.278290
69.893333
102.401909
78.070053
10.214685
60.574333
29.571243
3.897580
32.298878
4.544579
65.852791
4.626498
84.726967
90.543716
32.603645
99.148300
29.924578
12.806981
85.074287
73.888535
103.659218
66.311539
32.074352
106.788086
30.526976
45.628632
19.310129
83.927292
76.818687
65.770988
27.727900
18.959028
59.903496
62.474670
146.977280
64.307770
99.170662
43.447826
41.805256
102.329056
49.741039
66.300743
13.889226
70.204582
26.446102
121.945686
78.045647
56.855423
9.825109
89.731941
10.733681
20.160719
9.489401
61.597107
74.059395
17.468233
