15.106958
7.133647
48.040222
-1.914758
3.550484
7.489341
42.724808
11.983824
40.804993
13.940504
2.197308
24.007866
71.845238
66.378998
79.876541
57.049309
29.879902
42.886932
8.333175
1.742088
17.106972
45.621613
46.317200
8.582503
-0.677771
7.582914
2.206863
12.757161
73.656265
54.365704
20.037727
45.499283
19.081219
10.570318
57.653633
6.861157
100.450851
11.691297
6.734257
32.885220
38.048115
92.193069
2.019494
5.578617
67.983894
9.506287
19.153206
32.647655
23.318319
18.702755
7.087836
39.178894
3.276417
6.435668
13.145411
1.297037
62.234634
8.214701
44.803711
31.104855
38.132980
58.252941
18.167610
49.591423
34.080070
49.042747
74.150513
46.166397
28.854219
54.229172
-1.539012
31.546427
93.734955
28.197426
32.818111
91.246643
83.354149
69.810562
44.771973
48.770844
42.892864
28.332203
-1.741007
23.002346
51.647629
52.032871
12.249678
57.890236
19.857744
44.006065
14.351297
26.117094
24.526112
5.203022
49.270485
58.266899
23.846001
35.297871
78.620773
19.002115
21.984255
90.226761
66.574677
-1.938472
4.780593
90.961670
16.990108
51.587891
33.945927
8.421257
5.935215
44.070103
44.342655
21.598873
33.026859
23.337139
38.854336
20.113199
53.864811
38.522316
7.681104
-1.965580
12.444578
78.192154
32.114647
70.389740
4.158534
-1.455702
71.555168
10.750500
24.648058
57.803432
35.143082
75.200760
4.749915
-0.709085
62.456947
13.938087
9.727489
23.835155
74.444458
10.919232
50.954369
7.606870
36.524448
35.543549
13.195238
27.408474
53.545616
1.006114
6.035589
7.569477
26.014702
60.979164
93.735893
32.700199
73.198326
69.129509
-1.790473
4.514350
30.075968
42.785862
69.209999
7.353481
34.074635
35.879868
51.931942
86.255417
22.433443
58.290176
50.827526
27.218067
67.900513
9.300541
24.733124
42.394924
73.657402
77.839844
25.832598
49.363319
12.365478
50.738003
27.281139
39.410519
66.974976
57.262527
48.811554
4.140278
50.140385
45.194923
65.814270
37.022427
20.531776
16.459324
42.482895
29.370987
-0.267725
-1.739960
28.035912
10.655341
19.407024
79.350700
26.117094
2.267533
13.447787
39.242214
6.955485
11.064205
37.557743
51.294487
90.113503
7.144730
20.748459
42.205818
6.169081
30.019825
3.419966
42.186543
35.410694
53.883350
7.761193
1.483725
41.228851
-1.474596
9.743670
45.633984
49.606686
32.662102
92.855217
31.407419
92.004562
48.162365
26.014967
19.738033
78.864059
67.919426
70.640572
13.925673
48.811398
55.132183
36.516678
15.344895
46.152920
46.950409
37.211697
59.500542
65.958633
2.193699
13.779572
4.706332
68.740601
34.417732
20.352854
32.063374
42.146309
27.950092
23.456024
9.596228
55.047157
1.873487
-1.350030
-1.379749
49.740379
45.734177
52.552303
77.634613
36.876129
30.337818
20.525150
37.802303
50.129196
23.518110
91.059494
33.419762
34.545586
26.143791
57.546837
13.097928
50.892456
3.233706
21.119503
18.824478
63.621265
54.216026
71.393768
50.398407
78.580139
34.065758
18.431498
80.991119
27.909054
46.379128
41.128197
76.538712
33.548260
74.907425
33.250954
29.737537
35.758469
2.525702
48.644855
45.438980
91.536285
59.535553
9.637155
9.394434
46.500557
6.342222
17.910200
27.768074
11.175311
11.648623
16.109768
7.867655
2.730574
27.550854
34.308121
55.609844
11.734117
26.214405
71.075157
60.979164
-1.846297
71.713608
7.901854
45.132183
8.351077
46.654045
48.119862
90.605598
11.096025
15.787830
37.699306
22.477219
16.192600
28.303867
-1.541287
50.813377
6.449083
77.278267
67.258408
23.375046
62.364532
48.551971
6.114155
59.138172
66.414658
6.135818
63.229004
45.720490
64.166977
23.874336
5.563772
34.908623
27.896187
16.736008
35.458244
37.629734
5.563772
35.739563
84.529755
9.067822
9.250607
44.461990
24.950771
89.571236
41.299995
13.552805
27.433729
-1.297308
63.059952
57.983307
-1.505869
-1.482230
2.772396
18.318863
51.629829
3.327091
35.713013
27.873661
20.111044
44.493008
78.044464
44.282463
46.932762
27.356958
71.230225
31.421684
15.636826
22.086296
80.707512
88.164818
85.341431
16.996473
35.063911
16.698429
17.117067
49.864716
64.005798
6.548144
56.212967
34.528862
6.428987
27.626501
33.856903
73.295883
60.464317
37.448730
71.973862
20.844215
5.417956
0.431053
20.014519
55.076691
4.086612
40.693886
28.601376
66.899467
40.959511
47.420326
-0.785970
68.929314
8.777195
36.110500
3.327091
40.994949
51.515121
86.721466
1.873487
45.610306
39.453846
73.333595
31.158678
36.347534
15.193667
28.486225
45.366684
15.776751
65.079369
12.947231
17.590664
15.776751
17.386879
27.791607
-0.040928
48.695404
2.504710
67.197945
39.242214
23.054581
48.680843
48.383995
-0.785970
34.637886
89.682243
5.110685
41.880924
28.683958
-1.682755
23.756184
48.589630
32.250977
35.051933
13.546562
28.382652
59.767838
85.190186
11.894278
14.605929
43.974991
74.264954
3.659994
11.859748
8.083486
56.644077
58.483295
33.512444
41.246330
80.598991
53.324974
40.431618
64.146149
66.674149
43.485359
2.421130
39.521843
58.470230
16.412189
33.253990
18.801277
13.618535
38.368305
33.903934
56.858219
1.593392
20.745266
24.787689
19.489761
24.668625
66.198982
24.114672
64.207573
53.829788
1.716135
4.010594
30.485395
33.481445
41.351776
20.797451
24.963913
2.459081
24.244474
22.313828
36.184513
28.110897
6.297881
56.674667
4.746857
2.596890
56.584587
5.751864
31.781647
13.349375
23.885674
13.718332
42.724808
20.041069
92.948227
34.152180
36.606411
-0.651585
5.045320
14.580465
42.787849
56.299137
34.006096
39.925201
10.391340
0.521530
13.801284
26.414894
54.168633
79.313324
33.161003
31.197033
30.087862
49.852013
7.766703
36.707523
48.043289
43.974857
1.329641
62.855843
46.331238
48.741066
22.952015
30.071003
49.020233
46.514317
28.850418
-0.081086
40.521080
21.952110
2.505930
55.295128
71.011162
10.447948
50.642284
72.817635
44.381920
8.958005
39.986801
3.462379
57.133636
71.279991
24.288412
69.843887
32.736443
21.309029
16.311018
53.358292
0.746767
35.145565
0.667180
23.431692
33.081360
72.916969
47.825348
54.907509
50.545540
15.878864
-0.287783
71.006203
35.338387
25.414864
29.143902
81.766098
89.824203
69.009232
83.637695
10.636389
36.887260
8.624728
6.119140
47.512844
-1.922857
45.156574
48.290367
16.302483
65.899040
15.138030
25.554966
3.945069
57.026367
-1.097066
57.969681
5.021287
33.987892
5.563772
46.427460
42.635727
14.751706
23.817400
50.138428
36.643364
76.136414
61.079594
29.132206
3.514980
32.248978
19.033197
22.551071
32.933399
16.635275
3.958283
54.226238
2.763091
108.078308
35.773659
32.904533
33.265533
15.081346
25.328842
13.662319
19.711525
34.531597
4.611495
7.131706
60.003040
37.737175
33.401283
7.564774
8.585167
9.319618
38.707779
33.470016
25.049242
50.834312
22.005533
65.563736
19.670137
11.791643
-2.025644
21.725525
-0.811858
92.967575
2.883002
48.628235
42.724808
67.092758
102.572044
17.494402
1.166799
45.172951
27.153931
2.969096
16.324665
1.088217
92.223000
-1.235602
6.184104
51.855160
91.793556
30.330093
15.966955
56.379143
10.945839
3.860271
8.601766
0.428248
51.406284
44.496002
51.434341
63.014599
5.497666
51.750019
-2.025644
15.344895
16.108189
52.321304
63.340206
54.626526
33.175095
2.180526
13.695688
47.243156
9.629733
42.892864
2.918709
32.484852
18.473175
27.766193
10.296713
21.376328
64.406967
48.227661
51.031067
18.188410
68.086487
71.110001
28.988632
55.845528
8.675773
39.489643
63.303764
63.667591
23.886965
74.131767
6.903969
5.269151
55.424637
30.461407
15.294412
59.592194
60.184452
88.622116
74.872704
35.452194
15.120149
30.982710
13.134096
42.458393
6.153344
78.690392
70.726242
57.148811
56.068245
33.268246
17.452990
8.675773
55.791855
15.007006
32.859276
70.836411
60.979164
69.026566
7.609102
82.580170
-1.785462
11.564256
50.336067
-0.076685
92.525978
72.684326
48.923172
28.953501
72.285187
17.568026
49.149628
31.526770
56.784943
23.150383
38.819199
47.423428
27.500113
91.048889
41.478222
77.381561
73.400131
75.728691
45.667282
22.720436
28.599705
21.201702
25.640831
34.216881
9.348445
25.948507
55.938927
9.324951
6.060734
7.705946
29.240772
67.509949
0.428248
42.870483
10.062927
53.715511
86.878693
92.855217
4.846248
57.374115
65.563736
87.355438
62.522110
29.430372
32.880836
36.881310
26.746128
37.294571
26.729864
62.093475
39.842960
92.399567
4.798328
42.900517
25.818279
44.826569
14.196557
71.035385
68.755363
64.850372
57.991051
80.788025
25.189037
32.221756
22.805933
32.662102
4.155926
5.588087
54.576000
30.098152
19.892008
37.437439
42.128681
13.353990
60.791153
90.745911
17.886684
57.184837
