66.590828
21.610394
66.548714
45.473896
43.661301
66.424377
66.409164
1.296074
23.146009
14.598984
47.970226
12.202930
45.124565
48.442566
65.670952
11.738338
0.924181
29.961018
54.646900
53.210999
29.911514
51.364273
53.438026
53.010693
44.475788
0.939732
46.520458
10.372726
65.639824
11.659999
25.957747
66.399040
45.427513
63.847305
39.437622
43.897240
63.113785
66.541115
44.322487
52.379555
45.750919
46.739357
66.581688
44.456467
0.657790
2.223851
66.593361
42.700897
24.574678
37.853935
21.834496
51.186497
45.631489
21.756186
66.593597
66.545837
66.564316
66.525894
66.271835
66.593689
36.939651
18.630703
57.630615
66.588905
25.057749
35.192364
22.010429
45.472775
39.143768
11.860588
66.499329
3.875874
12.183681
55.401543
58.465008
66.593582
21.738613
12.307000
66.525856
66.585526
22.933838
26.969555
43.972153
25.355839
45.525627
39.018074
60.683525
66.583466
55.384209
64.704369
21.370117
0.469029
66.593460
40.793167
49.665600
18.259527
62.877777
3.497500
66.348732
28.791935
13.312729
63.432312
23.623190
65.896851
11.749155
13.223194
36.246315
0.669794
12.130227
21.597578
23.078434
48.728394
65.860558
10.445229
49.401684
35.332771
66.588127
36.997643
66.593697
65.527855
9.989657
45.420563
66.593658
34.171867
35.001907
65.576889
46.283241
44.520576
66.534630
62.269905
42.178223
12.486048
0.580677
21.513321
2.235493
66.530602
66.593224
66.482307
8.637217
10.234295
66.345413
44.459175
66.531952
33.390713
64.011520
34.476372
59.943066
66.593658
23.127466
46.835587
66.591431
21.472668
66.357506
45.531113
62.955082
33.016243
66.202385
0.651152
21.968388
49.750862
18.614780
42.758797
66.568176
66.593697
27.464321
64.199478
64.331711
21.644661
5.224041
66.587784
6.288374
63.554245
45.513733
42.749451
12.019255
47.847507
41.644695
47.045109
46.887287
66.484283
49.766411
38.745422
60.436897
66.593178
31.875368
45.522667
44.049225
55.032600
44.233784
62.495201
49.387100
21.756538
50.808319
24.573133
0.669794
61.418839
1.927823
7.304296
56.707039
63.654568
53.754318
46.005810
54.007847
16.411654
66.296371
45.302467
62.570999
45.634018
59.245457
43.955833
60.728088
66.592621
29.131012
26.724533
1.991541
37.496956
23.997110
65.406677
14.555782
52.524841
44.032394
2.846457
61.329170
46.899147
49.082466
41.701904
34.082321
59.426769
34.071880
66.589249
66.452385
7.927401
1.533199
66.577248
11.101435
64.106537
66.586380
66.587166
65.738426
24.576693
44.655991
66.593559
66.593300
45.809586
37.431747
66.593559
31.387184
47.339104
33.378807
64.782997
47.578861
0.770634
11.679057
0.469877
10.262437
42.578815
9.593983
22.306332
43.499653
66.565048
59.293301
66.593674
44.129246
64.204361
60.411808
11.666600
17.724550
2.685783
32.877041
34.162075
50.632248
59.379723
43.448448
7.736822
66.579666
10.523910
62.659775
35.376724
66.593674
62.760162
62.299950
55.381138
33.635628
10.480665
66.439919
66.454842
25.004675
10.495549
48.935974
5.807812
66.364571
60.126869
66.571938
60.329990
5.497355
5.634082
65.207581
57.459343
64.234825
66.053024
33.322041
56.200199
50.648575
31.376392
66.548416
66.580132
66.593674
33.146503
25.113804
66.034760
3.695540
20.289021
33.610405
21.734959
66.580986
53.268097
47.908356
56.470394
10.511456
37.047401
43.584602
37.605858
66.575363
65.096283
65.426125
66.593552
2.451547
64.671227
19.202908
66.585464
45.573189
66.513260
38.685898
51.921940
12.804259
66.349457
66.592323
0.609173
21.459557
12.288372
66.475189
66.483383
55.473930
66.593666
32.149769
66.165398
11.903961
23.760782
42.627556
33.307404
52.896820
66.427345
37.690529
59.058517
62.570873
65.039642
25.648540
1.079453
35.235901
56.760452
52.616959
45.238380
59.496048
60.390465
66.284958
34.702740
1.107807
44.048378
33.003822
64.835533
66.593170
27.167311
21.884737
11.794368
45.187958
1.274631
12.698871
20.509872
6.191621
42.561565
66.331871
11.292140
66.592102
24.475552
36.511055
26.126995
66.581726
66.588463
33.349335
40.555168
66.593658
55.995514
35.604847
59.386517
66.568626
60.806030
16.690796
34.794838
5.502020
66.516235
32.736660
66.531281
56.817764
65.949020
21.171368
62.911224
1.200115
65.938461
66.593597
66.021950
45.533852
31.255062
66.593147
36.116337
3.190447
29.227844
4.950740
3.028887
33.141167
55.620415
44.574253
54.108814
10.471521
56.912514
66.566391
36.919952
58.812012
46.573616
7.374118
61.610012
1.103873
17.238235
52.167870
22.037138
66.068489
1.263822
45.912567
66.585014
65.700455
65.941849
66.577042
66.593483
66.016502
3.470011
52.254719
66.593697
66.391052
45.018604
51.290855
52.078751
44.899582
66.298744
66.580307
63.285919
27.691263
22.959667
52.715065
10.797979
66.548416
0.459785
53.198334
44.429062
34.547226
62.840271
66.578926
0.972858
29.129129
21.608837
66.445145
10.517615
33.850780
66.578613
66.593697
66.593544
47.120071
1.808445
31.172312
52.598045
66.514809
66.593597
43.852123
36.819370
16.933311
50.034073
55.616371
66.593697
34.261761
66.108910
32.504932
66.593628
49.493683
46.156960
3.720300
1.177798
66.572182
35.239384
24.424932
44.522919
24.223652
66.593613
1.874915
55.638351
44.415726
66.359955
62.277351
12.261840
35.203392
12.874292
45.156864
56.400894
14.454881
60.150047
44.042702
44.965591
11.798806
57.530960
66.302963
66.573036
0.663825
64.564285
47.390091
14.125343
22.610638
66.235870
56.192986
27.687716
23.121754
9.777720
5.024071
38.241394
30.586584
66.015244
40.287891
45.746716
22.257523
66.362564
66.581482
66.043373
10.578298
0.462167
45.638493
66.015160
59.946770
24.636185
45.492508
44.326927
59.550346
56.310452
10.485156
23.320639
4.740298
21.566618
0.756873
66.573540
20.864227
0.479889
65.571747
61.517731
65.967873
44.297451
42.488537
66.578453
62.058441
24.658749
0.628699
2.404859
23.108175
25.481560
12.671774
47.804428
63.902599
11.681152
49.120232
65.381058
11.706522
55.829269
34.004684
52.486313
66.593506
3.495367
22.386963
4.080584
31.328905
65.786629
37.744102
66.560944
44.056580
34.417938
50.964878
2.101298
62.443283
33.139473
49.725349
21.765045
66.592987
66.279327
34.256985
50.921227
66.582840
62.368973
66.588089
54.745262
22.167854
30.602983
64.570786
21.569984
66.578133
21.802607
66.570686
66.593025
49.382835
10.266268
29.145485
66.593628
62.921982
66.545746
45.477421
11.007841
44.459274
66.520119
8.160175
56.289272
48.416454
0.697232
43.989902
66.562981
57.262169
10.329877
45.786800
0.651107
48.147518
13.496747
53.066872
50.569855
65.647583
66.593285
44.357925
13.184460
11.828593
1.366387
66.592392
14.227313
66.148750
66.509819
10.730488
66.548935
46.946342
1.823681
58.697731
66.581406
3.672695
62.989285
63.932930
13.467225
39.474823
62.579102
66.532249
66.535706
24.462711
21.857338
66.587357
59.334000
47.994862
44.742138
2.439445
0.736048
0.811827
64.742195
0.902299
64.294098
63.494774
64.900528
66.593674
11.979841
66.591919
42.219326
66.593666
45.492077
36.479847
45.062538
35.721504
66.581650
0.618512
66.593040
66.363716
45.487316
66.588295
27.290497
16.015951
32.249229
16.155643
66.544540
54.088943
63.819130
25.268242
33.057407
34.345116
38.540352
66.592133
6.086065
44.170563
66.593689
23.271469
64.309639
19.030575
22.545128
21.566618
54.999893
66.589981
66.443413
57.262169
0.634076
65.971649
52.435349
47.473309
36.710850
11.790493
58.345978
66.593697
62.124893
27.203167
34.083317
64.713776
0.828211
66.593674
61.122570
1.672660
53.937607
56.593750
21.489071
34.540077
59.299187
44.619743
64.911263
46.733356
44.138790
66.586220
21.527798
59.455452
65.823395
20.337120
50.545570
1.006028
3.466824
66.577766
22.176186
43.010666
42.300247
46.529099
66.578011
44.429264
61.463760
4.069957
63.434662
14.390102
41.343010
65.969528
3.200155
24.531944
61.071262
12.369983
66.495819
43.481750
14.858967
51.803474
66.588493
66.586327
12.671168
66.580765
66.575790
66.576462
37.494015
46.105587
56.834763
66.578415
66.579758
66.590096
22.073078
38.547199
66.547783
59.278053
66.476822
65.953743
66.593475
46.813801
55.331940
24.658749
62.819168
24.473167
0.767960
23.213488
65.837448
0.567600
42.147995
39.468861
47.957245
31.134468
3.577526
64.837097
22.154268
66.538315
0.704167
64.152962
38.465302
57.967224
60.056461
10.561191
41.817646
60.122437
66.593361
24.487427
45.411339
66.487587
66.536926
24.584900
44.050201
55.383694
66.550934
7.104700
66.556488
44.277187
64.360367
66.593567
65.855019
51.517780
11.858711
65.222305
66.508499
5.711102
45.523590
20.966318
55.882526
49.661140
60.300591
44.155098
58.017109
0.492458
62.988434
46.634525
66.554153
66.568626
26.296940
66.590500
49.904457
21.566618
66.592239
63.838264
66.592293
44.194660
53.137611
66.592346
66.224327
48.198761
30.658308
33.747692
2.247107
14.385260
44.803440
0.496085
44.356895
46.467766
22.934261
27.309734
63.882141
64.917648
45.002945
36.107651
55.446312
47.482029
66.593506
44.358593
35.743946
14.129765
64.560722
1.677180
65.911880
66.476692
14.274948
55.334843
58.459648
66.360794
66.564072
58.813644
46.743172
66.461197
38.612442
66.508484
57.654892
48.324062
66.586777
66.577034
66.215797
11.676900
63.878586
66.590523
42.355350
1.315259
19.372784
36.611355
66.193436
10.823064
44.006298
57.147404
52.268673
23.335180
27.980623
45.963093
66.415314
66.523659
60.326664
31.541096
66.571365
34.478050
10.715915
66.352692
60.028049
48.243736
50.923763
22.856701
38.960217
65.231468
66.383652
43.345177
1.369304
66.545082
66.585724
66.583946
52.162685
28.296364
37.399033
17.752253
66.313232
12.533963
26.083462
2.150835
57.629242
66.268097
56.829636
48.333340
66.465599
1.768388
61.816002
26.443213
0.981611
4.320549
25.054129
64.567482
51.742271
59.215942
0.673935
11.780427
10.867374
39.523468
66.580444
32.410332
66.593651
56.867691
38.668499
66.113029
66.560616
66.592628
60.701035
41.765987
37.978218
51.307861
44.913139
66.593658
36.156803
5.467257
10.250452
22.846527
65.780342
0.748529
66.574730
51.224602
66.593536
44.672176
11.477837
30.432945
64.538078
1.796367
43.011971
66.582764
26.579433
44.468178
66.576370
57.551598
9.571594
44.410633
0.651358
45.818542
49.433857
37.964684
66.042953
66.013374
33.711460
63.068588
44.266499
1.396247
58.143173
56.643295
63.899975
66.593491
56.993191
62.104645
65.991425
10.430487
66.593575
1.464916
11.234106
11.439985
21.911444
34.462254
21.369221
66.588966
2.547349
66.070297
33.100334
66.588440
66.568802
34.658138
64.715759
46.194641
7.381778
59.334000
29.131845
66.272812
41.816250
66.593292
66.593590
44.253021
10.490247
44.640430
62.628262
49.930168
48.258652
66.558357
42.641743
66.592392
0.661870
66.447670
66.589424
66.459412
63.291313
66.562111
66.381516
33.449276
59.586510
66.166855
65.683334
30.033852
22.902704
66.593697
22.829227
66.581848
39.509163
66.591530
66.561516
21.864166
66.464218
19.472139
12.214270
1.464916
36.255108
48.105553
60.292480
66.408844
65.381256
12.275235
24.556673
66.585678
21.475933
59.200832
65.309494
66.593567
65.057289
63.030724
53.565769
12.945877
43.398689
55.583916
44.835045
45.675106
66.430237
29.402843
57.916050
12.525183
64.939682
66.590347
44.768623
24.808346
57.648911
65.915482
66.593483
44.449341
22.575699
66.592476
12.187215
24.860746
34.465511
61.076511
66.583023
12.051474
59.864811
64.880882
44.043705
5.387090
66.543068
45.348392
36.760204
66.530479
13.376249
62.836708
11.806684
38.331219
45.493542
27.794758
44.819954
66.469894
40.236641
55.640961
60.311428
66.572075
37.687698
66.593697
10.234295
45.697475
44.515762
45.572533
47.924408
66.582794
55.566071
23.903332
22.541246
0.756873
66.593674
66.485229
63.618492
52.673721
33.465569
63.375095
11.470839
63.386230
37.696751
13.193893
64.188530
19.857864
64.547028
53.923309
44.797901
56.103096
51.682022
30.442047
64.314087
66.435036
23.053953
35.802845
66.591309
66.585594
66.593689
44.387932
37.029480
44.652920
61.155891
9.509173
51.503624
50.025475
16.203924
40.240429
66.590431
56.727474
24.500154
66.563995
21.757441
66.571449
12.159730
0.699684
59.374878
24.319073
66.575615
8.521945
0.618912
1.898116
66.536530
55.202816
22.506424
51.019852
22.985567
66.561195
10.044286
55.827156
66.490067
45.946606
22.214499
66.352150
66.592720
54.128334
47.774342
66.466568
41.787918
44.165264
66.579506
25.894951
24.536226
66.587639
66.319862
66.591591
33.899700
66.590454
36.740810
3.982766
44.071796
34.916458
61.645454
3.297325
66.592041
66.584038
19.333141
66.591713
34.273773
66.590965
11.765020
59.046127
24.939764
24.532526
45.502697
66.584610
37.783886
16.124342
21.665968
2.105347
66.588791
36.182030
49.148323
0.852504
66.565971
22.486458
66.471069
34.877758
66.593147
49.613194
55.382675
66.339325
54.500496
18.776228
54.603348
0.560928
45.187668
46.023964
64.435188
24.754362
66.589325
65.030533
60.895470
45.958591
66.573875
45.881905
50.235977
44.866585
66.586670
53.189178
59.192806
44.398582
58.465462
11.963037
66.592560
65.279846
21.719004
66.538445
23.136551
64.561203
65.444595
65.850922
23.579512
20.771713
66.563759
21.541668
57.884190
35.696487
0.787688
21.554108
43.781700
24.913919
40.137993
66.593552
13.184788
12.033154
55.756531
57.887497
7.991400
66.593315
48.550911
66.547356
30.728132
45.000237
48.343452
45.736301
0.570146
66.386177
29.951359
3.534104
66.587982
64.891281
34.377762
11.949826
0.486476
23.169645
44.126720
42.883347
45.352882
56.686943
24.654034
45.822865
55.162975
34.743603
66.398148
20.786840
30.591368
66.593636
66.518669
56.310448
66.593430
65.673225
53.776714
65.262039
66.593651
45.761986
66.593666
24.553753
66.555031
0.571947
45.486076
44.905609
64.813179
0.607616
39.151810
23.842697
38.878967
45.317558
14.104564
33.578957
8.444145
35.948994
35.724464
1.698834
44.388340
44.251225
45.877022
66.571198
66.584297
28.397758
46.182903
21.673342
66.591888
21.721066
66.591599
21.595665
9.293179
61.508987
45.743923
66.591537
54.634094
42.550674
65.945786
65.911743
22.931610
44.067020
59.784832
44.473667
1.136564
66.572594
66.524048
61.855659
66.349792
66.585609
66.593369
43.919975
56.512230
64.930588
64.330528
38.758072
66.393616
11.717023
47.214310
65.890015
66.592613
43.686180
32.922913
24.581596
66.572189
44.939980
0.487650
66.311905
47.933540
41.879616
66.488388
0.488889
63.162193
13.959122
44.273190
66.120285
66.565689
66.581985
11.675832
43.862999
18.432796
66.499016
17.015940
66.592949
45.661057
48.089127
65.121193
0.479889
66.590096
64.826553
23.108175
64.231506
66.592987
2.139487
10.736272
48.265541
44.400787
54.075687
17.471014
66.569801
22.016674
44.638802
25.796083
66.585884
56.482368
42.495293
62.643497
66.592964
64.017456
66.492035
46.930359
38.635681
66.587250
66.350655
10.794467
66.358322
66.587128
64.394150
16.466764
44.557610
32.995831
66.587120
31.925604
14.684416
55.352444
57.658630
66.238159
66.521950
32.381737
29.901146
22.945126
66.591896
40.890976
36.272018
2.518407
3.466824
16.072811
53.270088
66.591064
0.519540
10.604353
7.325861
66.569107
66.517982
44.014057
66.400177
45.086960
33.499805
0.583827
35.734196
22.790848
66.592056
66.345085
10.266268
41.406296
10.957532
0.776045
45.624760
50.566750
39.099560
45.842915
59.538612
63.038132
46.270615
21.942801
12.254661
12.528614
58.279991
45.974701
45.868023
65.872833
51.310471
11.471264
52.115261
49.836250
46.710648
11.777845
3.938008
66.593468
3.901289
28.994070
45.433887
10.295249
48.663670
32.851871
43.808933
66.326591
66.593216
52.013054
35.548138
24.478504
12.195417
65.546051
45.493565
1.307531
66.592812
53.874771
66.593063
11.903556
15.003749
44.265591
58.256645
58.704830
31.541283
52.436630
9.698936
46.477577
56.906456
66.593643
65.890198
66.592789
44.304810
66.586426
66.467064
66.549660
10.785196
66.285530
66.588310
32.356514
2.524283
63.316143
58.241528
66.551231
48.262695
57.447151
66.481697
1.164374
66.582748
41.559166
62.012939
23.066420
64.874969
66.476471
11.661608
66.169937
44.385040
3.629960
66.478111
2.626971
0.852151
52.753334
66.560135
0.780885
10.337356
64.944908
66.593636
28.296478
52.508736
60.710587
49.445396
21.572300
44.140236
66.302216
65.525101
44.286392
66.308075
65.037125
45.852161
66.572929
66.556717
66.559639
21.597578
65.029617
7.210056
44.586819
64.633850
66.593407
66.593674
7.381778
63.640480
66.516129
20.211399
66.589996
66.551140
29.451618
66.592995
21.828609
53.741131
44.093716
32.736660
66.587570
12.030776
35.715000
33.483551
66.590797
64.657875
56.627701
49.380852
66.570343
40.057617
66.541336
49.094788
48.584930
31.450214
0.602022
66.583397
64.388435
46.211372
66.591591
21.930384
48.451111
21.689636
34.191574
23.825340
66.488899
0.550168
66.593643
66.584908
44.159145
66.576508
66.588882
66.592636
65.766235
43.623703
36.964996
25.377962
66.565674
34.939564
47.847488
66.472710
65.882339
0.879044
10.381456
0.628699
14.605875
65.239571
25.294949
51.298607
46.748909
64.520073
66.541199
66.453842
1.548592
15.576918
32.906765
66.365944
57.061874
23.510136
53.651699
49.609894
24.484041
44.018951
24.181541
66.592430
55.646740
0.624114
66.591347
66.198463
12.342892
11.647799
0.887385
66.593643
46.685707
52.238140
31.918602
2.396451
63.546539
47.102852
6.876647
66.006493
35.657799
66.593697
55.365479
66.564690
34.663788
66.593262
62.540718
52.610199
12.004122
55.406479
22.264900
22.580282
0.465917
64.972946
66.583740
63.042137
56.139664
66.593262
63.480766
23.202158
34.360748
0.457529
21.479380
18.621548
66.586868
66.593056
1.516566
66.593414
66.146576
66.593658
0.924181
66.550186
65.922630
47.568344
66.233299
65.858604
61.397842
27.831745
66.449432
65.440208
52.106022
15.746724
66.513084
2.487922
66.590057
14.890347
33.015987
66.201233
45.467205
27.691263
66.108170
21.848162
37.440418
11.749155
44.228050
66.586319
16.090401
66.443848
0.619979
66.592804
66.553017
23.205921
61.841225
46.844475
8.247281
32.041508
66.367920
50.732193
20.814974
65.942352
64.250977
45.767868
35.844967
46.586082
22.681786
27.055599
23.117193
66.580643
2.235493
66.551323
9.859124
66.583458
3.297325
55.363678
45.552456
66.542870
23.688818
46.068245
33.629112
66.565475
54.007935
60.961464
60.147491
66.459885
16.305445
66.571114
66.592789
66.562057
34.932571
1.304409
66.455025
54.759224
24.355398
66.579330
28.675194
18.534115
1.164374
0.455238
3.328028
41.838089
66.580551
32.797276
46.023487
34.810322
62.172630
13.029615
66.593567
0.873563
10.616782
35.836678
5.039034
66.403091
20.345119
66.593697
62.370190
15.030282
40.482819
39.080612
52.658821
34.261761
66.591698
4.670558
49.716789
66.528130
1.618489
43.701183
66.568871
66.593262
4.548308
59.818909
66.341965
2.722333
66.300392
66.593216
55.517181
66.573128
66.593605
46.637218
66.590660
66.593361
1.229521
0.683466
53.068489
66.459091
47.623795
7.672765
22.944777
27.810081
66.577499
32.220005
25.636810
32.906765
43.102512
66.587227
10.528569
66.425003
45.489376
62.719841
1.306868
60.482891
34.172340
66.593689
37.198250
57.920628
33.015388
66.593674
20.022234
24.929035
66.574524
66.591316
65.936142
65.701149
45.031342
66.591827
66.580368
26.026787
39.783009
55.392494
31.338200
22.115555
35.560638
66.584480
66.590652
11.741816
66.592125
66.591652
66.590973
66.593193
15.802079
1.627833
21.459938
57.320400
65.357597
65.578476
12.369716
31.458067
11.806684
66.491531
66.234619
66.587975
45.595657
3.424389
66.591232
47.024635
8.054739
44.269398
48.668537
51.315102
0.912932
53.517334
22.946878
66.587585
51.591103
66.570984
24.171614
34.218945
66.035828
66.506386
30.874670
1.556298
48.250355
14.360492
1.642750
12.167126
64.518417
66.593681
10.443923
15.038375
66.306953
60.388184
12.986358
25.126575
66.593689
23.664812
32.802971
56.718750
24.476704
66.593674
52.779877
0.709092
66.593697
65.639862
44.369305
66.592163
66.587776
21.566618
15.314054
40.311508
66.204666
46.204208
59.675438
64.381920
60.608700
11.671519
66.592781
38.231380
52.740677
39.792057
64.089714
66.587646
66.577042
44.550533
57.246090
65.354927
66.593452
11.047811
60.289444
44.928215
0.559967
66.590057
0.970019
46.294842
66.294655
20.744011
66.211708
45.506992
57.120476
66.593201
41.737530
65.078712
48.863609
12.177044
66.514862
66.566582
0.550499
50.473930
26.084772
65.658363
66.593689
66.593689
64.337402
34.099152
56.352158
45.757408
11.658896
63.907898
10.465835
55.453629
26.298428
66.554321
24.553295
65.707443
54.605186
32.732388
63.103806
66.567245
21.491592
66.593117
11.777452
66.580872
59.986797
66.593361
44.659096
0.638626
23.334011
66.592522
50.015404
14.308453
10.338564
55.040138
23.004833
6.140875
1.213733
35.752808
66.483887
31.432772
32.243084
36.147736
66.579369
38.249420
66.593391
45.643177
14.591045
66.585472
66.593643
15.040499
51.964897
2.200579
66.331367
33.364079
16.902031
22.934467
66.454971
37.137440
34.452919
12.021067
20.204075
23.030594
62.420345
40.031143
50.003242
65.178650
66.262329
64.159256
52.147888
11.687128
11.674805
34.267033
66.590538
31.157000
15.585713
63.798954
64.347870
66.583511
49.659718
25.925127
50.582649
66.334068
41.767818
1.867032
66.579056
20.124592
46.075249
26.545542
66.553108
2.461025
10.313197
66.547409
23.480993
34.051109
21.597578
18.283379
45.539234
66.561447
66.570786
66.486786
65.750244
55.032623
60.714020
66.471741
59.593338
54.232475
11.502571
21.719004
2.461025
44.838085
66.564697
66.584396
51.270721
56.056705
10.816839
66.570473
46.232658
50.973274
11.724001
0.694643
65.091759
64.669693
11.593465
66.592148
66.565155
1.724184
60.306389
62.700058
66.327507
66.586159
66.593643
49.001778
64.868683
33.599552
66.585243
20.208136
3.388656
0.609173
8.078430
35.848213
63.023552
16.123854
2.410999
9.507701
47.366936
46.342506
27.349615
66.468567
49.732311
66.591095
3.467334
32.112679
66.584251
13.253969
44.985138
35.118141
66.541489
21.719595
61.204376
37.174934
22.723846
17.404322
35.626175
24.958591
10.293152
66.442444
59.357018
3.233005
24.473167
51.701996
47.226799
66.593643
21.636721
40.060379
25.402763
11.964424
66.593109
57.742920
66.115128
21.679640
45.510372
26.001526
66.431137
39.321590
61.398716
66.582642
42.557110
1.350071
66.593697
39.731247
66.489594
53.412804
64.694252
11.175115
22.541246
12.093271
49.800201
66.593636
44.821640
66.457581
66.592690
57.413597
0.878417
60.848793
24.574785
32.364544
66.518723
24.465189
66.593666
39.804062
14.373898
21.741209
21.566618
66.541306
44.142944
54.993637
0.735353
62.662640
65.167145
66.152679
66.483345
34.213547
57.898422
62.967216
66.299774
23.570160
44.113594
66.577110
16.706924
38.503613
34.829308
11.559535
51.123222
16.958364
21.581142
66.588730
0.683466
1.164374
66.559395
23.512341
66.593407
11.814401
46.536236
59.310787
5.387090
24.972569
45.407188
66.590988
9.026276
0.539305
11.721836
66.566818
3.000843
66.489754
39.220604
61.440430
44.207848
44.292175
0.736048
66.371117
66.592934
50.607407
65.383286
58.497482
48.199711
66.240944
14.127872
36.696636
65.961823
57.925774
44.263290
42.331707
3.092574
52.620155
56.935074
28.598007
33.969990
42.303722
53.580246
25.026398
66.533501
48.343452
44.197216
66.579704
62.545723
66.593018
6.267602
23.641014
47.830276
66.593628
58.514221
66.592575
22.134655
56.116570
13.087651
25.913385
64.214569
46.908810
10.290321
0.787688
61.595375
32.014305
47.594833
66.593361
44.341702
65.188812
45.234940
66.593590
24.823837
55.264893
11.622746
66.593658
52.706741
27.687716
34.604439
47.783440
38.272861
66.560371
66.593636
10.397903
32.847469
4.211966
66.593307
66.524567
21.327909
20.353373
66.593262
35.822323
66.555214
65.467400
54.210754
13.483232
66.592133
66.037483
0.694643
35.684109
66.593689
66.588570
66.579269
55.793236
46.184807
66.550461
49.148098
64.079391
1.229521
39.599560
50.109928
66.017174
10.760638
66.518707
21.067595
65.897888
21.778437
10.737863
66.556633
52.211174
32.489456
11.243310
22.545128
66.561256
17.680386
44.104092
23.108068
66.583603
22.945126
65.131073
34.413712
54.274612
66.581673
45.752258
21.767113
66.592514
0.574436
58.082108
11.856606
66.542816
66.593697
66.590912
26.913742
66.235718
66.589333
36.169674
50.227280
21.997906
0.478379
65.802086
66.593529
45.529228
50.844376
66.593681
26.060125
56.570236
65.914246
44.587471
31.904848
66.593674
50.022831
66.314133
21.985165
49.201904
30.825768
53.751831
33.081223
32.782696
0.835577
3.633452
10.590361
40.039783
32.491219
42.318726
41.414223
7.956626
20.386913
44.427704
11.902899
24.476704
66.593674
35.124104
21.571144
66.081367
0.833391
0.617767
61.574726
66.592476
55.412987
44.048103
66.592850
63.074776
21.969982
19.372784
54.736282
21.757938
66.591927
63.808468
55.963470
21.445309
12.244261
23.397282
66.441673
40.897964
53.474701
44.151421
21.528027
36.421913
0.816216
58.216335
28.095913
56.689804
65.824059
53.996864
51.965504
3.496279
61.419357
0.651358
0.624114
21.556389
56.579510
33.788074
31.405579
63.551331
38.337242
57.071999
66.570938
2.106045
12.858776
47.983589
66.449020
54.435219
12.174411
18.531668
66.593674
66.192825
66.381454
8.650958
4.131449
62.010654
35.896465
0.779805
66.593658
44.136459
66.582962
23.252493
66.563354
52.493950
66.404648
28.231796
53.766438
36.435722
58.177048
66.191406
21.716629
66.560837
12.877128
17.814419
51.683002
43.715935
66.322128
66.593140
63.439087
3.658049
40.482323
57.262169
3.534104
66.592537
14.480334
5.757031
48.132973
34.361034
21.556900
66.513657
66.262634
61.180153
50.959404
34.114170
30.171488
44.609314
33.267323
50.044075
23.483265
10.351443
34.430916
66.469528
20.337120
66.593643
22.061272
57.041931
13.950937
34.544163
62.994789
65.735527
66.488670
55.067093
66.586670
22.139400
3.006401
24.532894
44.688957
44.345493
24.935326
2.583931
66.307190
47.071373
49.615387
66.584625
56.142017
15.371872
44.177151
66.494179
28.237679
21.724270
66.568436
66.585823
1.962046
64.701591
0.780885
65.277725
52.660347
64.134224
42.400742
65.889137
31.704624
65.422943
53.538280
32.950134
46.947105
66.454132
66.593697
0.610656
11.183754
64.756119
53.406418
55.633232
65.983673
44.841232
31.710155
66.593399
41.357254
45.153709
49.795738
34.263359
43.984352
63.581020
30.292921
65.364830
19.854752
14.766180
28.241417
34.556171
59.179600
65.438141
62.412872
66.053032
65.847923
41.486244
21.445309
13.083056
43.114929
60.161884
10.366646
64.381088
40.613453
48.568764
57.003555
66.592697
17.157547
0.684501
60.644272
65.139877
66.375328
10.162797
62.596340
65.564941
21.567486
49.293816
55.081387
62.379971
66.591881
66.592369
60.337646
66.446678
11.887128
0.906552
66.542213
58.303200
66.589020
26.290798
34.384071
23.329239
13.459641
