88.823257
11.901913
1.837019
95.047958
64.157356
34.988514
68.660263
5.182247
32.421509
91.640366
92.510696
94.093521
52.882900
60.068043
97.055176
4.774547
51.917099
83.024452
30.712454
74.375450
97.235306
5.040523
9.139333
83.834373
65.263428
76.994720
89.753677
8.513102
13.492962
50.475060
10.129291
28.610594
95.611526
65.281998
27.731417
88.695694
84.110130
61.326462
96.222023
95.300644
60.646317
84.070908
50.230125
92.417412
69.365105
98.923920
65.838638
88.454086
20.619982
98.209457
94.821114
88.145638
51.616268
77.313156
1.038355
89.747284
89.675201
96.744110
29.760977
20.640335
90.682640
59.063744
3.784944
72.113892
15.366688
101.502335
96.927292
73.337158
0.959119
47.422932
28.486629
88.972923
59.436661
23.407755
2.698107
35.343647
89.322525
47.713135
86.594742
66.995293
47.807838
92.404388
75.960556
53.965553
45.320290
40.410805
92.282379
53.519836
64.663223
45.355774
89.169250
80.075127
98.291847
2.065727
1.388629
54.177147
59.797508
79.372482
88.125656
93.137581
5.508273
69.516708
62.229050
91.208824
97.056717
14.297779
81.113037
76.620132
16.143286
54.459068
89.049789
17.851530
2.075306
98.456207
4.000818
93.945389
73.515244
93.861130
100.718521
30.282230
66.313263
93.974396
69.043289
45.625324
71.689682
96.039780
93.983231
71.079666
98.620560
49.937710
79.697884
71.745605
48.614658
93.334641
89.610504
80.545769
74.920273
32.936935
14.118477
6.577524
83.278786
88.380173
87.227074
91.434799
21.439064
93.238068
76.586205
85.692963
42.765800
87.460373
22.167044
36.993530
85.871101
14.983354
45.259869
99.543060
43.021961
41.562325
66.893921
8.900058
54.381161
96.135147
96.485779
45.162296
50.281509
88.848022
25.033140
90.491219
1.523944
57.265282
72.359344
69.349670
61.308514
91.823746
10.754467
1.668597
66.995293
39.206448
87.725998
53.140129
39.483177
40.963120
28.008705
69.446037
98.156784
53.365002
41.732018
76.648743
90.334457
62.973137
34.464760
9.666046
42.201115
81.834564
95.113052
75.948578
51.247822
90.588959
32.081036
94.275192
59.359051
5.959986
91.533257
88.429268
90.545380
60.799393
41.740173
79.390335
71.772995
99.970474
72.893921
78.714775
82.124832
58.836620
90.722549
51.555206
80.624527
66.010574
80.758003
96.431870
78.484467
88.188850
32.240479
97.481903
33.775818
83.607903
58.083687
85.236145
85.282326
79.759415
37.392220
10.754467
75.068924
95.173302
74.755470
37.012589
94.527756
43.347832
1.281514
1.687704
1.144697
83.357391
45.673233
60.832962
38.052055
42.932999
46.210670
88.909866
9.598047
82.313133
43.021961
84.188843
14.118477
21.000040
1.713262
91.810654
32.193455
85.619095
44.556435
62.766190
85.636803
82.754135
73.882401
79.096878
4.597952
94.138855
56.682964
62.717285
85.702133
78.463348
24.056517
94.978966
99.176178
58.229156
28.008705
76.220703
76.258430
5.756175
81.824806
72.614937
98.145126
82.089005
63.646942
34.569977
21.473476
77.461006
51.345654
82.348862
53.414131
92.355423
100.482452
96.831360
1.906582
6.832179
43.006699
84.096802
60.541805
99.281006
98.460266
71.074707
85.582092
37.427811
19.708937
64.615799
21.821215
79.612747
50.824776
96.539322
80.789658
39.113056
100.450378
95.719467
51.316528
76.331001
3.519860
8.797155
94.120781
97.684807
95.701462
40.299179
93.697426
55.771553
55.781292
74.974731
90.911591
41.574333
59.499020
63.638035
91.082664
102.543015
42.059113
50.141968
76.514862
70.388779
84.361877
41.562325
92.717499
82.530396
86.192459
83.936951
68.913330
54.770012
74.727844
12.116232
39.964493
60.942932
74.771744
79.314407
20.976217
85.646690
2.993778
76.851341
74.249084
31.485407
95.387352
12.371904
79.250381
84.871674
87.516052
58.669754
0.884619
84.343987
97.324242
56.042896
42.201115
21.360392
42.047737
53.359066
88.722710
94.394768
98.199066
70.498215
32.395126
97.840790
102.377151
99.049789
58.859234
69.478714
69.608559
5.466752
76.840134
97.159019
61.219223
32.516457
69.708878
1.687704
82.705124
88.900078
96.022522
25.383417
34.742714
50.973595
100.855331
99.387207
14.246962
58.021721
53.331848
37.651070
94.538971
74.446609
75.719437
75.042496
89.577148
90.320236
99.515991
44.584000
88.276474
72.329712
56.578438
68.346794
57.495876
58.040703
81.563995
7.434389
89.755356
94.923630
8.185256
26.670979
77.135117
87.161774
87.679100
96.072990
45.221428
5.235179
59.793007
94.880692
69.782539
58.641453
19.835861
59.188217
30.224289
51.728149
35.688187
99.394257
97.482162
25.353384
21.240589
84.911667
58.114899
101.731033
93.337990
68.346794
101.963333
9.267563
99.420135
24.238794
96.168495
59.661858
98.535599
29.805565
72.336807
23.215424
94.821869
101.234207
89.444778
90.281158
61.355164
77.441177
89.266373
93.697426
79.977966
2.286216
48.552834
75.479523
78.589035
81.720413
59.098175
33.881527
74.593170
1.655526
66.129341
102.651878
95.033554
72.843475
73.868454
97.103233
53.327705
2.906697
25.313097
96.978882
85.529831
77.891304
54.608696
51.121624
92.666313
82.907745
31.665302
7.255883
77.532852
62.779202
80.838776
74.859299
87.094208
66.132660
94.038597
63.450569
42.835922
61.266769
17.155144
82.400208
1.292063
48.863556
63.676102
90.599464
28.407738
84.903458
68.679977
14.540668
94.182632
1.879424
51.933125
23.039816
1.343802
43.058144
102.377151
59.587543
38.092720
93.319580
83.248535
1.551816
81.017441
86.206345
30.488499
1.988250
93.659409
73.432556
48.203472
86.915268
65.853813
101.859688
54.963188
65.937813
79.450577
62.331131
10.522880
83.630493
36.665279
88.841904
64.729553
18.020182
33.218391
5.408007
62.229797
86.865700
90.257538
78.397667
88.471092
45.982643
59.658714
97.030106
94.001419
98.146515
50.549141
62.118633
78.330856
50.231010
68.258163
40.395000
102.060463
57.591961
64.364449
87.092888
52.517303
61.069820
29.199678
86.187119
0.977443
101.472672
56.949234
75.379967
100.121353
71.034546
86.671417
99.300980
91.933609
101.603241
24.349724
103.704147
99.479332
18.172409
64.442650
63.364510
92.084167
38.900585
49.619602
12.845243
75.055573
98.244156
97.322815
88.043968
93.816025
1.068927
49.847443
4.963162
90.221893
1.181027
47.271362
54.997387
1.179726
74.506645
85.941406
94.650940
81.712509
99.092300
18.904459
66.995293
45.617004
50.494583
99.687363
75.351959
59.284035
75.806885
74.219925
18.725986
93.030815
64.904839
79.169708
73.845703
46.347843
89.608162
76.040703
26.119102
56.681618
38.900932
11.498551
88.035751
60.597683
43.666782
39.959660
93.068130
30.623447
50.192734
95.901749
5.525657
65.853813
82.812706
78.325806
87.511429
60.256866
76.756638
70.710022
25.864368
29.199678
76.022964
18.356438
40.271725
69.774521
47.511772
99.137642
88.850533
93.625008
8.474096
5.849051
91.224678
102.207001
92.024780
86.536003
96.351768
29.047310
93.380684
