67.395607
64.154205
28.604374
51.565620
48.094276
23.894428
50.777645
31.038359
-0.663133
33.781471
7.562066
27.764473
27.779068
34.613274
15.527798
31.450888
14.930925
1.546010
49.039223
3.572614
29.159866
11.568091
43.414513
42.603188
36.151619
39.023632
7.669766
4.151998
74.593262
36.733772
5.966903
52.885082
23.101007
21.162216
61.875340
55.043720
57.267262
3.238160
32.771309
9.805941
2.285531
1.269381
47.455017
27.223230
46.751068
-0.070787
2.891306
12.670408
8.793835
2.505905
11.766231
13.229702
33.104240
67.044296
42.400398
18.245518
37.454483
32.527649
66.664841
14.520005
53.806076
13.515089
63.593109
44.611435
27.777679
58.843136
66.227341
36.886520
44.708099
-0.601098
57.053474
39.682419
-0.859841
16.329023
17.260658
65.420662
56.494884
0.620126
36.235443
1.814006
37.511360
6.193551
64.523621
1.099842
62.663113
26.303839
65.149200
54.717087
27.329262
40.643272
25.010822
7.213635
44.741318
38.490829
59.737083
51.950203
8.716962
33.040886
10.686873
13.478125
1.028048
55.877434
52.599136
3.933933
34.303814
72.829933
52.086800
71.749596
31.239033
68.113678
8.934259
58.364548
19.614305
12.062227
71.833038
10.269081
48.598289
72.542946
1.296746
53.750641
70.144287
12.196096
55.072437
72.173782
42.920452
21.906290
1.489226
41.013664
6.135166
11.476815
67.177368
71.780380
35.623135
0.049261
70.318420
47.662033
44.534843
31.249573
46.957611
39.000317
18.079683
13.591010
42.087666
12.802112
2.136027
19.526722
28.447552
40.568695
22.743961
23.189459
8.019123
32.881721
33.794891
63.683346
19.595541
15.448089
6.675484
-0.859841
17.401703
10.320772
19.871353
55.799789
52.792824
50.385021
37.025631
65.715378
2.251502
17.845781
21.107403
6.826712
29.296383
23.036795
3.238160
60.403858
12.833889
38.375687
65.348709
69.671974
23.328749
53.065701
66.818192
38.843697
18.251579
22.363148
24.736115
45.117783
54.484756
2.220099
29.262993
52.158241
5.987641
71.373856
61.711033
23.795353
51.119682
42.333099
51.923347
0.429723
21.690849
59.146652
1.448035
71.976135
9.203018
61.109604
27.778402
24.496531
53.698681
57.767986
40.912029
27.818005
41.351120
25.426487
31.984005
11.882858
6.152742
70.247826
-0.476022
40.533089
47.301022
59.426952
7.429883
2.812427
60.712845
36.860607
27.184595
20.544714
29.280912
50.687439
46.340088
21.199284
4.106071
70.878128
29.406622
35.943378
10.768994
39.694031
43.706726
49.338017
60.788025
29.140827
1.017733
40.715561
61.567085
29.377798
27.779068
60.245018
71.939354
42.175869
-0.845668
8.098862
18.473827
68.993988
71.083130
25.892881
33.113045
21.599369
49.267399
75.780342
40.108154
47.221321
44.589611
21.957026
44.992302
0.117135
10.863593
3.793166
12.224636
3.723398
63.091518
6.790215
38.024799
47.981422
20.023178
56.578377
36.037247
40.390419
7.739618
27.989096
30.434458
27.779068
3.257303
69.426933
30.430244
4.910862
13.691059
71.564095
53.506851
0.969084
46.363106
41.497421
42.163456
56.085999
27.818005
27.532866
36.864006
27.777679
62.931984
27.371658
31.901918
61.093449
13.059268
18.190207
54.373764
9.626535
22.696331
51.970177
61.230515
27.188419
40.033646
11.326308
40.019592
19.298927
70.758545
61.752266
13.879339
70.415497
32.240982
33.062798
10.275303
33.864452
-0.859841
30.116297
23.459927
5.540116
28.902208
30.990829
29.840702
16.648754
73.709549
7.046611
62.357841
38.246857
26.503532
28.330488
37.027802
64.022881
4.921635
42.214939
29.319069
21.140779
38.992813
6.103333
37.975399
20.471312
34.148209
52.847828
43.309372
37.423080
22.821079
27.774155
40.166611
17.647779
32.102966
1.603925
14.092257
51.498802
39.940651
2.468849
46.367531
43.892815
29.961826
74.612762
13.917889
70.196800
24.233784
40.689301
52.983791
70.913605
12.981770
12.465043
58.558128
35.478203
37.424625
3.492160
21.897123
15.281015
0.069244
41.323029
15.532290
1.184372
52.504837
30.624451
3.495242
17.855133
63.459084
61.562294
27.897762
44.689987
39.088783
68.580017
47.982716
74.138252
1.184372
5.971599
43.458134
43.559467
62.190170
15.472155
53.414787
1.687804
39.331406
7.632347
15.092185
43.961033
32.997433
68.910225
38.803539
49.160172
29.801861
11.552284
46.577438
18.465834
42.582783
31.988110
16.388884
1.901543
2.694598
25.317251
39.658646
11.637684
71.501259
28.254280
81.048004
36.045959
4.871801
64.802475
71.137589
0.303576
41.179817
1.528559
15.532290
30.885229
19.260761
68.789268
4.730808
68.379257
62.186211
38.460884
68.662247
40.749989
27.113049
0.515306
11.310175
59.435413
47.320740
48.579731
16.282503
34.574120
59.253887
27.723101
39.857307
39.317154
52.844898
-0.481265
64.847702
4.925136
75.224716
4.755790
4.778956
43.202164
6.098269
12.807096
19.425047
5.694610
12.896328
34.843193
5.659029
43.131191
57.040810
68.629089
51.674976
10.551342
28.071556
25.848928
64.517242
4.534076
60.207253
45.352188
47.025322
0.168324
12.575750
49.628872
46.936981
23.612041
72.158409
52.104958
17.517946
25.187935
10.307643
67.033783
58.300491
11.876894
36.019424
64.137054
5.623053
62.008911
74.749474
13.651713
43.042515
43.035938
28.476950
13.199022
76.802299
20.482943
7.936978
19.966961
56.996151
42.140797
21.171864
41.768593
-0.345303
18.964748
-0.859841
37.205421
64.173141
45.950867
31.582069
27.032969
7.429883
67.159447
41.467041
15.890846
72.291748
43.669083
34.236244
28.935904
40.786747
38.341850
18.904510
2.441760
48.055138
39.381092
73.677521
46.592667
48.279858
59.853977
28.791397
12.782971
36.611004
46.430988
2.305684
1.757015
72.821220
35.798126
15.981271
18.737999
60.515450
32.777477
1.268246
67.858017
45.491024
1.514853
13.704478
71.013435
41.725029
10.346430
48.598526
30.914532
18.176590
17.454290
49.800064
33.970085
58.967464
11.871988
53.575817
13.840273
68.344612
9.945104
59.934643
27.703663
42.306358
25.130337
71.110489
27.499714
12.963789
10.303946
17.324907
40.580925
40.186893
16.648754
18.776493
-0.464987
57.345085
50.772285
32.888466
27.221518
52.385601
72.752365
53.444267
45.728001
68.357224
39.270218
1.274324
29.475042
51.538742
74.672333
66.613358
33.116608
35.453426
46.883339
73.066315
23.917091
16.641354
3.198562
37.923306
16.226921
24.859415
21.018276
68.474731
2.033000
24.733194
28.565811
30.656565
21.808483
42.414963
34.312950
51.451111
39.425591
21.866770
50.520313
37.908039
83.747574
30.246300
8.291433
37.509468
39.453403
13.879229
75.153755
77.776848
42.472931
20.181400
76.549561
33.567886
58.254025
39.796162
4.454284
14.827317
25.608562
60.441425
66.803696
71.454727
9.316353
59.632725
49.165699
20.162544
11.345300
47.025291
74.207207
64.562256
6.963661
61.356937
49.173038
64.617508
32.416367
10.702885
16.318563
2.139514
75.166817
11.991232
14.668153
19.665524
20.575100
-0.849210
31.760952
23.036795
48.500496
4.704751
32.287216
35.927216
22.840685
3.356742
60.398281
23.052410
60.359886
31.650211
36.036079
12.586112
3.435177
14.883287
59.138824
44.905647
25.498634
14.302803
13.355135
52.637703
14.520005
42.671402
-0.023308
13.845550
53.655857
52.391533
10.307643
19.592369
-0.859841
34.490170
6.815410
51.598328
30.426317
37.503265
42.077423
10.125456
39.106983
6.875408
32.190174
66.442078
41.201950
30.876141
27.769409
29.962833
4.896689
14.645540
0.870119
41.111301
76.688126
35.131348
32.570992
60.493687
36.720474
4.303930
12.045792
65.458130
44.406277
30.412642
44.897167
13.116119
43.836674
28.538630
30.615177
38.238560
43.551182
27.199837
50.222260
38.993626
17.586773
6.745307
64.522316
22.359848
54.413437
62.113735
11.107141
40.755184
37.554947
52.839272
-0.058493
59.564980
10.620865
49.575012
52.389729
35.364349
18.190207
57.005455
14.013394
12.827782
29.625271
15.950704
28.066711
68.218475
13.162024
47.615250
60.071739
22.703442
19.080238
30.330103
25.219053
28.901222
29.086128
75.291977
56.703064
18.588730
39.327629
53.970230
45.490814
47.166500
32.181454
35.319290
3.776155
40.181149
55.938274
60.062111
36.115379
9.200577
15.632399
47.339710
20.798141
13.190435
23.509926
47.158798
73.995941
23.851650
62.324612
7.387654
28.630188
30.330103
44.551323
13.894075
23.445303
34.377625
15.203743
65.625107
30.958355
-0.859841
31.012911
-0.393872
49.954269
32.672390
-0.162498
17.476557
22.254190
2.221518
19.925955
40.705437
4.415614
14.439821
12.175007
33.415695
19.171658
42.200863
73.416168
27.990414
2.853410
60.228806
9.892200
14.010824
46.245178
14.912709
20.094578
23.036795
4.629759
0.049261
16.947723
15.215013
22.429523
35.023422
38.659821
7.658627
72.170288
4.569630
44.963299
43.035938
40.220505
11.378629
3.903285
54.256962
74.270981
7.255346
67.841675
50.802979
16.008547
41.287102
74.627220
2.174782
21.454540
8.122300
32.443390
-0.849210
12.746517
70.905464
53.770500
65.852829
11.082786
73.125854
28.350765
66.464500
56.376968
52.363167
28.817200
45.205261
18.088430
1.018462
2.684803
32.371643
31.534878
59.787888
48.189720
39.688950
47.588726
76.043198
56.721619
18.563282
31.963165
1.546025
5.304627
41.268509
1.158242
27.830997
21.455730
61.690155
39.950142
34.643433
70.315041
25.785328
26.043476
50.000114
42.218651
61.571716
45.701424
33.886589
7.888865
20.453104
34.238121
28.296467
20.147434
62.444168
51.133125
27.815437
26.013617
43.199348
59.951721
5.239132
47.300102
60.349319
31.036736
33.818348
23.843983
33.741219
37.004124
13.303046
10.322393
33.102615
54.596214
62.417645
30.177116
24.578621
14.351762
6.063145
33.009403
20.213926
48.453064
65.469940
15.729804
