49.213676
68.357185
16.584772
59.843575
4.943786
-0.344935
-0.106828
19.038155
55.918610
23.695467
67.917038
53.071182
61.538277
29.556004
10.832547
62.618420
28.362772
3.238631
6.470607
82.791245
42.707836
26.551289
49.212749
25.703087
20.248150
0.590202
40.319641
6.227660
34.199692
-0.058342
27.445839
40.937500
18.696732
38.708763
47.320473
37.907967
14.125109
50.840012
8.073869
54.280369
67.800354
3.076003
8.771085
20.714838
33.804153
72.164574
54.821545
14.545768
79.550858
70.025146
22.497644
41.935753
41.568291
30.239336
47.674255
41.796867
15.211610
21.283260
19.826664
36.144302
53.795479
32.000751
31.966488
70.119171
38.330353
16.643570
64.106003
51.651695
50.397659
17.345917
23.164276
18.034203
2.748090
0.482695
70.936646
69.393089
57.887939
61.058842
67.974228
38.478054
70.675217
33.243912
3.674241
34.899853
14.473150
71.210976
26.836082
-0.344935
46.717529
17.287186
59.742214
22.784288
20.055363
53.657978
56.581856
50.082500
7.046058
79.661392
38.131477
60.996117
24.522623
2.656787
30.818167
14.549625
38.682930
66.402168
74.835564
24.395517
39.327465
29.416676
78.298416
0.576805
46.094673
48.692539
16.228081
52.875664
56.047169
36.391426
19.218060
53.737198
35.689465
43.212700
47.993011
46.648930
37.652840
39.347725
14.612820
52.471607
19.013863
57.737411
22.400780
55.285084
51.836056
57.052792
73.475700
42.785904
37.015709
31.387051
21.924688
65.333115
40.991631
51.270798
21.105686
31.439686
62.877785
24.292231
25.040722
23.812902
54.358463
32.825615
70.526207
42.415512
16.479141
21.209623
37.395737
76.117172
23.688597
9.940746
50.548256
4.581289
5.733348
1.333514
37.934250
46.397820
34.237129
29.740551
68.698349
39.636909
13.632096
41.075348
59.785969
68.262085
63.790062
39.451202
6.842952
77.490402
75.731308
48.266747
5.530033
37.412155
50.302994
56.365334
23.347668
55.283688
25.288853
67.867737
61.812721
16.234894
64.240967
27.989735
59.926704
74.738480
22.417259
7.196228
63.010895
28.064011
71.565559
7.058977
18.250347
36.294579
60.181145
73.463501
6.660803
27.901083
48.435692
31.155294
60.531906
1.709627
53.653755
0.418287
29.574242
88.299103
18.610542
8.179290
17.262964
28.877453
39.054802
23.457470
61.695984
1.728707
24.547670
41.942741
64.480804
68.039963
21.548506
21.040791
1.829344
69.550392
43.271576
69.980125
35.452400
1.620389
8.839911
73.483521
8.227515
39.685089
-0.234456
27.072100
31.341124
24.906616
70.463898
11.112891
35.151985
30.397760
-0.143737
41.584625
17.466089
38.095863
6.279346
43.708900
11.173296
53.358051
57.658173
75.568123
28.160711
10.148797
2.023133
14.157770
68.190460
22.322830
40.586334
52.152344
12.793688
3.983441
1.049407
47.212212
29.721603
31.923401
0.351632
27.244957
36.582680
31.438782
78.641319
51.165272
58.492508
58.481972
73.986687
1.016029
24.743517
61.324951
9.205471
64.685776
46.554676
44.394325
34.937782
70.962868
3.238488
0.052339
67.862007
66.569588
69.693672
75.625122
61.978344
2.641270
75.786545
51.630806
49.383984
45.071976
9.199214
83.228249
22.844553
12.118908
29.433767
21.873047
65.063995
32.048325
42.198555
45.276985
71.738083
31.206982
53.628929
61.212585
45.650635
19.343929
29.039005
1.392151
49.943077
2.906960
15.039064
35.264992
57.744877
21.561901
53.233944
60.455154
76.475708
40.211685
26.725414
53.572235
10.228223
46.627548
41.252502
39.843391
0.339041
15.710057
9.058997
70.748528
53.360931
19.637939
79.234840
0.068666
10.560940
59.164570
14.265911
66.114578
41.997978
3.335793
3.520624
56.669060
42.111046
27.800386
33.921032
51.584049
123.835121
41.693974
35.898922
23.413967
18.872789
45.395493
67.551018
38.616875
76.748016
24.709942
25.551582
45.097488
63.478111
8.053491
19.243137
-0.106828
60.275513
21.361258
6.770766
3.987926
16.721682
35.694588
49.361725
19.394966
4.871160
55.436859
47.329300
12.856588
66.588280
10.233759
54.796719
33.327713
20.590008
66.284668
69.411530
19.752443
57.422699
20.946079
14.823092
28.093992
32.719490
54.521717
72.057495
17.519375
0.869341
76.524429
51.532867
67.655197
63.617855
16.395483
74.492737
10.798557
50.548584
69.208107
36.291370
19.641544
21.952652
8.168501
12.317523
42.348412
72.071533
-0.344935
49.422947
59.998394
34.740898
32.383942
7.829988
14.993463
3.048597
26.116673
37.632000
30.799492
47.115372
8.062190
52.876816
24.572161
49.168900
68.858994
30.647390
57.197800
48.289799
42.446342
23.412861
3.363029
33.577652
45.815411
43.482403
74.111313
13.222695
5.062546
10.679260
11.041065
34.220535
24.586765
47.421227
6.815908
66.849228
26.180435
0.387540
71.489548
62.838615
76.981308
8.747580
-0.339369
44.409927
56.722389
7.280808
34.230011
37.629631
67.603226
48.635582
10.139113
19.403677
7.578384
43.804939
21.014917
55.192139
64.524475
30.868807
40.908394
8.340762
35.032211
-0.322863
57.649284
67.438828
52.665070
68.269485
10.730015
71.491348
5.871830
5.327185
8.057596
1.579709
1.132265
54.263214
20.278923
32.398670
12.929391
49.160370
25.491573
17.518461
69.189156
21.216743
44.164169
27.854036
22.935043
46.137917
8.550170
19.008656
17.335899
66.407585
23.695467
39.332363
13.308694
9.266776
69.880844
39.514790
51.352169
62.075317
76.492172
56.235397
0.144568
46.699692
50.459679
30.594326
8.421565
53.610374
9.739151
30.955343
20.229019
59.144806
57.219666
51.048958
6.205658
73.282417
29.153303
26.383160
55.490334
4.657911
53.924812
49.201305
29.504723
33.375389
55.612343
20.512569
0.380919
31.200373
54.684013
49.786858
64.418823
55.413116
28.677485
58.588089
28.281754
72.129807
32.296143
11.224915
41.006241
17.325844
23.534737
58.457466
0.332106
21.639906
66.298187
1.928100
49.030396
3.244674
35.957359
8.975822
43.074085
77.119766
28.842794
17.568727
24.750010
75.636871
50.727306
12.257389
14.833616
34.787167
72.097092
9.279900
0.634667
8.904935
37.078499
24.023178
54.492874
45.500626
28.425814
20.350313
50.601204
48.807701
68.247498
0.133223
26.442640
14.266956
40.524338
15.160497
25.555658
35.535019
0.272901
37.315159
52.811424
47.040627
5.603557
32.350166
50.446449
13.963284
11.794503
33.329971
39.565216
36.285393
1.755687
9.644175
65.920952
11.517423
30.662933
10.383193
0.475049
7.490829
18.417755
71.038757
47.618855
33.896721
7.869207
23.219902
55.408310
54.523087
33.653275
51.288288
58.570652
7.788317
4.909284
6.351290
22.086815
55.234539
71.764442
12.930025
43.490997
30.921883
87.064896
56.683533
9.415813
34.586277
79.564911
3.424325
-0.344363
53.892670
54.929153
66.655502
6.414755
63.247116
42.288929
65.560822
7.828719
18.200264
3.062297
44.134300
32.177963
40.501862
18.244549
66.969460
65.715729
50.783806
18.494469
15.795570
43.090771
76.442001
3.819221
45.060375
22.199535
26.151363
7.350553
1.495102
34.841965
60.409378
11.428967
13.656912
40.656799
12.161757
46.178864
21.658346
30.575027
6.162538
12.424281
28.543461
70.778992
33.755180
52.210175
19.240944
5.653765
47.821903
60.257931
34.327480
56.748295
40.200653
75.972466
32.411655
13.961206
51.593430
48.515354
18.045803
48.557121
51.394485
32.560837
35.998142
23.240660
34.415310
59.877518
3.558470
58.101147
58.574100
41.317207
66.046478
17.618006
30.939907
53.644470
42.098671
51.798920
73.351402
30.264915
2.534184
53.253826
41.195061
37.919430
-0.344935
19.254900
21.014917
59.368629
66.059792
67.776764
13.643312
3.983441
10.782784
10.909600
32.340576
65.042282
13.135996
51.116348
73.623184
39.382133
12.441787
11.463350
42.578281
26.136864
47.033607
1.170382
60.539162
45.297752
57.414352
50.837635
68.423523
23.478859
53.300034
60.746040
38.185188
11.817787
37.458878
35.349617
6.205658
37.846848
46.010563
9.588014
20.614052
58.039673
39.736748
52.474579
46.070286
70.459694
17.060328
63.720043
8.267146
7.152062
37.276268
2.153660
-0.253429
79.987701
41.444450
21.926672
25.617710
69.018051
49.193718
36.179367
53.578419
16.437136
70.610504
73.644913
12.025711
29.853830
14.984711
27.425396
60.768845
6.489030
27.680742
58.904289
85.588463
34.156200
30.127251
78.801620
61.623600
65.097000
22.145250
7.358173
14.292713
16.293230
63.503540
39.070900
36.751129
49.602455
62.100895
77.011932
49.634533
47.351864
76.526100
16.321815
23.072805
20.747446
2.179654
89.354034
59.919136
82.489716
53.130558
67.027344
2.933161
45.217339
64.333160
1.763039
9.523604
-0.162860
68.403046
46.070107
67.477974
5.062817
24.331852
19.966187
49.734833
55.592880
52.828960
53.060272
6.291806
37.164501
41.562309
48.343231
41.161716
10.601652
76.218948
72.566483
49.633652
47.288895
97.301796
41.803627
36.131031
17.255438
53.398849
37.270840
2.315283
48.708885
13.344049
21.040491
75.431053
9.531000
42.651928
38.744278
50.433670
8.102927
6.269105
-0.344363
54.316910
44.191780
37.587891
55.805008
0.029265
29.327187
39.891739
53.436638
4.450289
46.330791
12.863845
72.966621
0.219713
14.644377
32.938446
2.438882
29.408731
34.415802
73.648575
34.366604
42.240059
16.114927
37.667202
49.558968
38.430092
52.860786
4.138147
23.030249
61.292511
60.732910
75.447266
24.505489
-0.344935
22.384350
41.289368
31.695889
55.393551
63.045067
24.054890
17.587273
49.955772
40.828686
29.215927
63.088558
59.124146
39.241787
39.202156
57.279610
34.873768
9.247492
42.544792
25.692188
46.170837
52.664925
18.803288
41.528114
75.146301
65.195686
22.644278
1.678881
12.655361
32.154076
4.768681
13.401949
0.885522
60.819538
81.584923
9.763120
10.397001
1.783080
35.069496
20.786278
35.056946
56.433975
10.516552
64.768425
51.427826
23.803564
55.369957
34.990635
31.296902
53.195675
-0.196411
41.042583
38.969643
1.076976
0.469745
52.622814
82.332092
47.261185
71.057579
42.405079
36.332710
1.230759
10.258416
46.298615
53.130016
14.192128
16.213444
58.797672
35.395370
40.591084
35.559090
35.505989
40.229317
41.543144
41.281059
38.946785
31.265240
44.008244
34.685635
32.599834
51.228104
9.855920
74.479485
33.180756
58.673309
47.401295
63.913261
53.322910
37.012550
39.310486
36.190830
28.450340
50.165894
71.793419
29.112997
38.388420
1.267126
53.652466
0.686808
29.197607
10.135687
62.073963
5.468211
10.835997
10.569983
75.443275
72.722084
37.122337
36.889050
48.109459
15.271283
81.031754
42.859241
26.036720
50.199783
1.027699
19.043653
12.625668
50.741249
-0.292907
28.248598
75.656441
67.427696
4.048073
2.996495
45.177696
59.725967
63.771957
37.859222
22.424606
50.898773
29.974310
63.282448
42.346054
53.303093
9.361212
60.902611
56.642387
60.235809
29.872330
23.907465
6.517015
14.515817
22.074194
76.238945
60.415329
1.164222
42.359474
59.844933
2.314728
72.806290
5.894155
11.358545
37.223587
57.580933
14.075902
35.956078
65.067558
75.212891
54.457870
69.386238
28.298550
4.892589
16.066656
54.311382
15.346027
13.741333
67.957932
42.168270
4.084559
74.955765
39.494976
19.383444
64.238556
67.150536
34.029140
52.843914
76.783646
64.173447
25.774460
32.377342
7.448546
53.873230
15.693820
6.505041
21.146210
36.377785
15.924845
12.273055
10.999878
8.517178
22.416016
78.551094
28.204721
58.333782
-0.074179
34.453709
75.683533
-0.324332
2.040487
51.209206
51.280930
31.785784
50.695892
70.623207
5.933827
65.598312
6.470607
29.351974
43.949223
75.833183
33.826050
-0.263218
43.413399
15.535400
38.521973
56.717194
14.634043
43.263451
71.294609
0.821914
16.801756
51.491215
25.449188
18.180603
58.990414
34.382538
11.634159
14.026692
19.977917
55.951439
0.003539
43.319084
31.627581
10.852553
20.500225
87.883827
27.093113
44.254822
0.900369
0.351632
64.482681
42.829277
69.524353
46.567520
47.097031
3.898560
10.513187
21.116009
25.774902
33.166538
8.683257
42.834190
33.860924
9.092854
56.459496
5.518569
2.372146
48.055637
30.165604
27.441025
54.634338
18.623913
80.242172
43.755409
25.851767
55.760300
0.339041
12.977015
0.800927
2.837215
19.043653
21.116009
10.317543
11.495831
43.004223
12.719627
61.411102
49.930695
52.068787
56.184731
10.655302
48.016243
52.419411
24.565659
21.821789
25.938843
77.049904
58.542137
44.972298
23.200653
43.357590
57.126747
50.833496
0.067138
16.433279
59.879208
42.650108
3.087190
38.556061
40.908546
64.796852
-0.261913
51.007397
13.729666
38.004425
42.880844
58.336731
45.139687
71.220886
23.308842
29.715687
36.714165
37.928398
27.450701
15.492184
42.892712
67.115311
24.803080
0.838223
22.114361
7.903737
56.099991
63.413013
34.705307
2.460188
12.342464
10.761045
8.174603
3.476969
33.878601
36.984161
33.571041
-0.317491
33.556702
61.186462
1.583746
17.094744
77.073395
36.926392
68.265030
40.143440
51.416355
41.291718
27.074276
40.921032
11.450865
16.706703
75.122208
77.358154
56.564705
2.753244
46.676094
0.589409
0.549848
58.769287
50.023430
27.528038
16.477386
10.979877
41.737667
37.613373
35.565704
8.223160
63.409409
73.475151
35.826763
77.231598
4.284322
46.099144
5.625373
0.232268
37.295647
36.310879
29.423098
6.545339
43.874805
59.260361
58.641525
60.479031
77.666306
26.745178
72.100739
70.110306
2.485099
54.431461
71.972900
12.842149
33.695000
64.136574
17.615398
65.871185
28.433903
49.259682
35.048084
56.150501
13.905614
36.797073
19.641714
15.177386
1.244636
58.019947
8.632912
20.937147
30.130690
48.333481
16.213444
44.742413
33.651779
48.520679
41.470604
37.413300
3.157613
11.925572
56.092442
9.451448
58.941055
13.064309
56.894035
5.644135
28.504166
40.172661
20.132236
44.109932
28.871788
4.544100
42.202309
19.488508
40.444099
38.804790
64.262283
25.722683
79.694138
46.768032
1.341372
34.974186
44.724003
8.656783
33.846020
29.396801
37.665474
52.312004
28.363743
39.153606
24.732170
67.119728
46.627769
40.218361
38.179569
68.485336
37.083031
8.835053
57.315056
43.317394
36.262512
34.831078
25.049074
74.153038
48.364212
31.017687
26.595745
3.263302
36.225437
38.318691
27.131479
76.782562
18.412766
64.335121
28.886208
63.856232
3.977667
9.812322
44.414818
56.770245
4.039389
46.043571
48.851631
76.037094
28.632315
34.050686
52.578632
22.596367
3.837767
10.540841
6.249015
63.906807
58.493362
32.248375
56.212849
77.913620
61.479206
23.949886
76.210373
42.090866
-0.123993
16.102650
20.199553
52.887932
21.209623
3.210561
75.858307
15.610236
70.339401
20.473316
24.613922
58.814732
46.144844
33.698273
0.048496
10.351506
5.154648
33.911659
30.249546
25.480469
2.771280
9.121505
75.781219
76.577187
10.204297
33.454094
4.665326
57.027122
31.717201
56.467812
33.109013
47.631172
49.699627
45.434547
30.928610
1.267126
46.014263
22.392620
76.381706
-0.344935
59.872017
19.596373
7.504088
30.126463
45.785378
71.742744
71.123474
66.269440
71.610184
58.991165
53.718773
1.194301
5.111388
66.996323
12.979734
50.917526
69.898041
30.889362
74.497955
11.054667
36.180717
6.472397
29.336443
21.018108
36.423531
63.283043
34.294060
48.484116
14.984711
70.003403
45.246399
52.741695
36.587505
51.148979
4.140246
58.172855
88.629723
74.218170
28.956051
14.280109
77.087318
55.889824
68.754028
7.954148
22.611774
28.755907
38.351601
59.126831
41.115963
10.866388
22.512756
55.979721
65.897850
4.576150
26.867922
37.043236
26.851398
61.714790
15.642697
0.753714
35.005981
30.937405
75.978844
37.711670
-0.050375
0.628336
1.894116
44.271950
67.553406
49.602455
1.579724
18.979658
43.045998
50.727871
1.834683
-0.031716
38.708076
8.771085
71.279160
23.983652
36.036335
4.163167
56.256229
12.832190
31.703217
64.643181
45.483620
6.276015
7.704435
38.002625
75.617783
9.344193
40.345325
34.191765
2.427555
41.898407
60.543938
75.020966
66.928719
9.627369
68.168808
73.462006
52.869785
19.946739
44.854370
27.327576
76.240738
25.297146
30.459131
60.876793
67.781227
37.908485
19.639610
4.183342
0.445554
73.945946
5.376849
10.716447
41.052330
5.789192
1.112395
34.832561
5.965528
68.960007
25.756645
32.639252
49.164692
71.480560
76.908463
-0.179854
55.006706
1.360126
66.488556
8.511828
17.782627
13.451271
18.016941
59.124054
9.137609
19.476824
1.367704
29.441376
48.094376
83.394035
14.662951
46.360847
4.582401
23.756853
46.131054
67.331070
60.309643
71.726692
43.074936
25.351667
63.021912
68.801239
36.193790
25.788055
12.660748
58.472733
56.844894
46.738876
56.227089
83.391754
37.472893
46.955688
18.724890
13.392241
5.385866
26.446129
64.493851
70.520859
73.589729
80.853951
-0.140680
37.960587
59.976734
18.274260
57.156914
75.062592
6.475167
39.511993
0.469564
36.003681
3.778140
11.488347
44.447536
66.925949
80.172333
24.148054
31.968723
31.616657
85.294403
75.864075
11.246227
27.555956
56.958118
47.867729
57.038300
44.585224
34.069580
45.396622
66.214066
15.464575
3.686478
26.478556
16.768194
46.027657
35.929787
65.491104
4.477805
21.212158
63.138939
72.016991
18.947521
15.439171
48.032112
75.945137
61.327183
36.509682
36.439869
35.095604
16.939833
39.636909
74.860962
58.864544
63.522141
51.195629
52.280495
13.525265
57.760292
74.237549
17.984085
1.371560
75.525154
57.633400
45.212753
24.751242
23.695467
33.736526
61.141499
60.756393
24.442421
46.264107
64.417343
23.501337
19.120602
22.385765
13.119975
52.041431
21.296246
30.818089
58.964439
69.789169
48.735355
42.289249
11.638008
50.437469
57.550659
-0.344935
31.631577
48.653526
4.543189
3.872319
8.119994
8.623401
25.428627
-0.136839
67.837692
68.034210
11.801788
1.160278
2.768430
2.444143
50.588795
63.859943
12.284369
82.033630
25.248255
47.212772
26.409946
10.761045
15.043138
30.335135
33.349052
65.301682
28.585335
0.234911
33.831718
41.040997
20.999752
68.322060
23.973488
44.565880
26.528910
42.745880
32.713398
27.888172
52.025150
7.574457
7.062113
30.592426
9.523604
26.631622
17.913424
47.141289
49.590096
65.770836
45.647671
85.111130
28.599707
55.708405
59.310356
71.152954
22.346478
49.389198
37.368950
23.670073
39.701099
15.233212
17.870094
80.089615
51.821518
32.818405
48.258633
19.359711
61.443527
5.796857
33.193039
75.739098
9.718611
40.982048
40.904629
69.328163
37.794136
58.676437
51.856434
69.543655
4.072774
65.513016
38.604317
1.750595
48.709686
49.192745
3.252082
40.444099
75.460968
6.751327
49.179653
46.393433
51.043205
12.518082
50.920586
61.479485
10.938001
71.935005
52.798229
51.129318
50.523811
42.075901
10.971543
10.569983
57.360619
47.609859
74.401802
57.567951
10.226462
24.722008
51.037022
2.780541
1.230344
37.397697
24.819714
72.267838
53.136047
14.817531
38.126282
22.173313
54.794418
13.182117
11.650387
38.023041
74.345642
34.898487
61.965965
33.730339
65.465996
19.043653
62.237034
35.734306
79.422272
51.550903
65.274704
6.757083
67.607712
-0.303847
8.603481
74.269913
64.132462
26.771227
63.581055
24.589863
66.060486
6.729367
32.552032
44.064812
49.655651
0.332106
56.365753
13.689548
10.011157
42.481834
73.928848
54.613747
19.159662
69.421677
14.709841
2.621526
55.357079
38.555969
11.261025
65.027229
48.117100
10.717544
3.947831
85.975822
24.421873
38.818848
47.010571
29.262697
22.477619
12.346271
10.432134
49.197945
37.009384
8.156809
18.300526
40.062988
57.203682
71.529266
23.614985
47.486248
22.680897
35.897026
72.044502
44.659172
71.538742
40.861450
73.054459
35.531212
54.038414
46.806343
68.606491
70.882462
21.265461
58.711693
28.323189
46.163929
2.710455
1.318723
66.862427
41.582020
32.988865
53.915871
69.623947
14.325620
7.863551
95.749855
31.351040
61.538097
15.672812
1.066959
27.165543
52.421890
64.562714
59.372601
69.840088
71.979019
54.773544
17.973156
0.455835
49.432259
44.862206
9.476566
76.242371
35.285995
38.500271
41.912300
71.610962
21.048912
37.035942
48.704990
28.249098
43.454712
34.797085
58.471252
49.526520
24.175919
36.398819
35.523827
32.171875
27.421045
30.722137
5.359731
7.202539
27.003469
9.282554
8.589066
22.517925
52.969238
19.506117
14.833616
70.877411
27.563797
46.415535
33.608894
62.796268
40.700203
25.355000
15.007604
7.350553
65.004906
66.957962
9.486284
0.781906
48.329468
53.511818
17.050034
51.927876
33.377232
75.292252
51.902359
-0.283610
0.933451
9.664172
45.134644
44.017159
19.494448
3.405526
64.963081
76.741943
68.634216
71.954796
5.508586
26.527840
53.971848
14.432199
28.377422
57.396523
63.861172
62.478428
46.578575
12.007851
46.947174
47.552734
36.615097
30.958202
55.143524
55.126785
41.204144
55.515221
74.153137
65.055763
2.295480
59.168209
5.490223
13.015087
37.572357
0.965478
3.116922
56.892960
44.906124
38.175117
6.218860
5.826850
32.724911
5.841736
42.951126
0.806123
56.673813
35.678719
54.780098
75.015091
36.692467
9.600558
24.359381
22.656349
13.667952
55.667725
2.606911
12.616419
33.430817
34.914791
54.363613
36.227501
15.749115
15.899776
2.580094
23.413349
59.611298
65.199677
0.628336
59.403778
2.808987
73.941895
63.051773
24.247723
46.650928
55.127304
50.917751
21.852888
24.751242
25.942833
52.095181
0.004716
29.355854
16.510092
17.157398
55.696861
6.118512
62.986076
34.097267
49.412186
4.373299
4.760615
54.102219
42.428692
10.206327
16.240129
75.454414
53.071182
8.175667
30.698082
0.844848
5.144369
18.409580
3.082511
52.414925
17.296827
5.355162
39.901466
14.220222
37.548157
41.603172
77.214783
12.645894
21.448814
31.193167
43.534000
50.708817
27.053476
33.111435
26.353853
52.089958
4.472870
36.664387
29.282913
12.285677
10.866388
8.684812
26.943476
27.053465
15.447083
54.702267
18.460382
48.884651
56.823009
19.465000
97.176125
43.654938
33.965744
-0.205143
35.459015
16.176447
11.506411
51.333252
51.970013
61.546516
2.153660
59.472794
33.940460
52.430824
39.238350
38.377510
70.490723
10.938001
9.883844
74.882179
56.798576
-0.050375
40.154076
6.305934
45.752937
0.470857
14.271336
46.256889
14.401947
1.298744
55.369362
55.792000
20.928822
9.775711
15.743723
0.027630
2.626182
73.028854
72.142242
36.345455
12.377047
50.490440
0.691174
35.761925
33.962299
32.363152
65.416130
48.419636
73.784058
65.408730
72.766449
8.039716
45.402069
29.943211
71.402794
65.546600
67.991394
49.384789
52.871555
71.192017
46.145569
7.482080
67.502274
60.758362
75.839661
44.493149
57.838272
0.818911
40.314941
0.095444
0.741340
47.057022
62.803543
55.908829
56.806820
0.234587
41.898056
7.501033
13.312057
39.252693
57.501968
47.944683
6.470607
57.143822
40.623596
61.634830
21.751698
67.625267
45.755112
68.302658
25.500420
28.963005
10.206327
22.106638
90.705688
5.013484
9.030415
63.646996
2.169132
28.039248
42.522038
14.230296
40.484154
5.767293
11.189902
18.280231
4.245512
43.230568
60.784340
17.407202
78.803139
68.912643
64.896858
27.370216
42.474480
26.413572
70.601654
49.114933
1.750920
63.803112
12.527760
50.895191
13.221625
40.468330
11.679808
51.519241
42.187714
14.605742
22.643509
57.185337
75.511490
73.555283
20.088322
64.945679
75.060562
48.681824
1.561370
50.077057
76.229858
3.032414
11.173296
74.321884
26.485441
52.751472
20.316341
36.495499
32.713398
76.165047
34.190361
28.835722
10.190004
15.007604
66.188049
28.225689
10.613514
39.691628
33.192444
75.950005
20.596434
26.977993
37.987167
9.219205
24.745247
60.886055
61.848778
61.575645
17.571625
50.877533
46.120243
70.070396
73.554787
7.992518
37.820633
38.150875
60.822273
54.351532
20.466236
1.711809
45.951019
5.334918
10.702065
41.243652
74.851097
15.343338
66.860558
16.162300
74.324753
31.615612
-0.344935
0.038323
45.494514
78.585464
11.515394
29.113619
52.906754
55.829025
34.725574
33.060005
1.903302
24.741440
23.091715
24.046787
24.087309
46.432045
58.331573
35.553001
1.374565
70.982826
69.655685
5.932856
75.574791
49.562683
31.685196
40.457779
18.061661
53.841404
54.746597
67.224045
0.048496
16.009880
50.998863
27.962742
35.544888
69.476624
40.527100
-0.196411
76.914581
28.681345
12.902285
71.042786
2.706409
63.111282
28.292418
13.160357
0.826656
45.140316
57.212994
41.299232
72.316116
62.473831
10.182261
27.219561
60.516991
34.763985
34.593231
76.236504
3.877820
1.030728
36.248001
13.230533
13.289248
19.452957
49.040085
66.498985
44.348400
82.302979
49.708153
16.178799
67.904037
0.455835
13.576366
65.603928
83.786797
33.245853
30.308033
63.256882
48.672466
39.288315
34.810352
50.731384
66.127991
80.537643
49.227798
32.177963
15.220716
4.324812
26.016932
50.662712
73.841064
21.248512
8.954680
30.294497
37.152527
50.024727
24.736168
51.557304
63.498955
23.579010
7.515873
75.196098
10.403646
30.850855
20.118076
56.477757
11.925572
62.044743
60.865810
26.818146
47.393433
34.070671
66.718506
63.080875
1.631952
38.161224
49.240871
44.264019
6.335708
30.868977
16.837515
11.010795
22.564632
72.620880
35.053135
1.766842
55.673592
36.939507
9.219902
43.444809
31.732510
53.134094
66.284340
9.722035
11.010795
78.031349
66.405479
75.816429
27.425713
53.774139
9.538164
33.671692
3.436436
47.713737
22.483398
42.807487
47.790955
39.691929
70.256302
38.348465
63.677673
72.385162
34.625557
19.364693
14.683064
72.176559
39.810619
26.694904
10.544742
5.766167
7.254023
20.724709
11.025478
22.049091
2.947555
49.813137
10.480551
38.177727
0.191065
28.616394
22.142807
0.809406
38.244816
47.913601
6.187755
73.730728
30.813866
7.554104
71.477020
44.734177
50.571033
29.634369
9.998165
37.581470
40.997253
25.917320
78.289124
57.896458
41.763084
23.018694
22.527365
78.974998
41.829926
32.213440
32.790905
72.180382
2.626182
9.964153
20.444658
23.025616
50.486015
81.001572
46.698639
41.073044
42.644527
56.422832
28.227524
1.143616
44.775444
48.632877
87.175362
57.526371
16.046307
54.286934
38.191109
3.930314
57.519753
2.297176
46.798420
11.941599
64.187988
64.574249
39.301018
71.526955
48.235909
56.808052
39.872753
52.342434
56.963245
41.595680
31.701019
16.434610
30.111996
66.410294
4.299466
2.571121
64.622620
28.918877
17.835052
73.507431
65.120834
37.151718
6.072367
34.928009
60.945126
43.178318
23.094851
37.036694
64.304352
74.955124
2.118312
32.847702
49.005630
16.153326
20.560684
65.533211
68.274628
11.428967
31.206982
52.478302
14.846859
3.755968
25.616249
-0.018414
46.182713
39.636909
43.523819
78.286430
73.949738
40.135818
48.499855
21.213188
8.771085
63.269611
57.702137
33.126118
10.978333
11.463350
86.897522
6.609472
42.663349
78.103760
8.095949
72.941498
71.622978
22.705254
69.066925
44.964901
6.475167
4.960304
31.108149
66.032242
55.908302
32.818275
0.102288
58.455936
68.921982
17.101210
21.783741
42.878937
61.230267
52.268356
41.103462
11.355228
16.746769
7.560140
25.273737
41.225769
0.402706
27.572651
9.851566
22.409718
15.578104
44.632347
27.390608
20.809494
22.412674
17.938972
27.378798
65.854080
51.466110
27.989735
7.621142
8.896567
35.592674
68.865906
6.468784
71.315811
11.055615
38.168842
76.528854
55.521030
45.009392
11.067445
42.349426
37.874115
49.217457
5.938787
48.872486
28.134266
65.594238
0.029265
49.143509
25.780443
26.498222
62.928703
12.224707
44.905594
18.096621
73.385948
75.407532
47.453037
44.194801
15.330444
44.964920
30.379402
48.788589
15.632912
30.655294
11.616595
54.235390
67.768814
62.521145
4.280116
41.814369
-0.223936
81.450340
24.124496
5.710944
76.811600
68.857651
57.586807
83.977371
52.360909
39.359856
55.637054
5.237071
51.456413
44.694569
63.264481
37.110611
45.927280
59.879990
70.812737
24.952862
80.326187
36.006432
53.570724
28.682280
19.950994
53.774139
0.662237
29.058598
46.613251
41.396202
25.549799
27.111050
52.489983
49.918308
14.604344
35.450676
0.171653
52.176842
33.599976
38.499519
43.091496
41.256401
62.578785
13.415144
28.915134
13.876575
5.359731
49.786324
8.450611
75.449852
63.717232
48.601326
59.791725
76.730621
76.475143
21.411228
21.127018
44.549870
54.924263
9.361682
89.812210
75.927170
51.315666
2.423712
2.604554
68.679688
48.448128
33.222088
50.144569
34.110107
59.669930
72.760460
58.843269
6.747309
21.718449
16.319708
23.244400
72.614723
1.321237
34.315311
84.627502
14.199732
5.603557
29.959305
27.915817
35.957909
44.767143
40.430363
15.885176
33.142197
31.489285
47.040283
72.113853
7.776923
12.133981
20.980274
9.405848
74.483353
12.150742
51.032608
22.998329
0.785975
4.718548
0.130478
72.654518
8.966022
31.209038
22.333744
11.818802
18.994316
-0.006966
76.255554
28.727575
2.203840
21.726326
71.247330
43.839329
57.137848
17.622232
64.903648
65.356667
45.262505
52.769527
24.703503
70.247253
77.324944
73.030312
71.458481
50.263393
2.110899
22.782629
34.266117
79.981491
4.573860
45.756580
34.622967
66.826660
47.615631
55.237370
36.943333
12.354725
43.882420
2.803570
62.346848
53.889610
24.816521
3.442222
20.548584
29.128420
11.474012
34.219498
63.501110
31.643150
10.088289
43.893547
37.937523
68.234451
2.372851
70.189072
20.413240
0.347436
49.582592
50.510307
26.394932
11.048809
58.268322
-0.147465
-0.286983
17.124962
46.609238
38.960411
25.914185
9.312987
23.586445
43.065025
52.910812
52.270115
0.536725
37.442738
36.576324
1.449136
2.425848
21.798973
53.071182
6.862832
1.355389
26.765514
62.744507
44.297058
39.763824
57.860542
13.221077
73.975258
10.876854
33.766212
49.816368
6.486994
70.210037
55.118309
12.914186
9.791771
11.368929
35.263184
55.386986
10.961936
41.760155
2.048822
15.425465
41.898056
22.796200
44.039799
0.453749
0.694711
59.612083
5.792100
65.090790
11.974968
23.071945
60.947453
43.555199
1.678881
46.115578
5.373139
76.152321
18.982121
0.654475
65.376534
50.649063
43.317120
9.238926
12.135149
49.970253
59.965759
23.510798
19.273628
7.992518
70.027771
76.884506
41.870972
9.461513
71.839531
56.690571
35.382774
37.615288
69.777786
50.944736
64.070915
69.399498
3.322929
75.167313
1.008681
21.701302
31.362320
5.767814
63.159924
8.836455
17.124962
31.256189
32.524994
62.326202
3.036959
38.805672
11.563047
43.617985
33.989777
60.952679
0.993056
55.468609
47.915245
33.840923
9.471290
47.527283
10.516552
27.437355
47.055275
25.852230
58.655830
14.846859
12.588593
44.448963
66.314842
43.499413
39.001556
3.009824
48.016937
17.358206
3.157613
44.880997
47.045013
36.564194
52.595001
36.988823
25.294693
34.429386
18.123817
76.833710
16.659634
50.825859
34.350861
3.337754
26.851593
18.759830
51.478230
76.663719
63.084057
4.713384
15.755357
25.668724
-0.080106
49.642323
73.294495
39.710735
40.704659
31.531569
59.696144
57.157707
65.878441
23.887028
19.209696
72.613770
25.004650
40.419792
50.334274
44.278217
24.506119
41.033363
11.657453
21.081890
15.258567
51.221436
25.731846
64.267532
59.104424
32.448242
47.798923
48.202137
72.689102
65.058563
78.251678
43.065083
54.867760
53.337589
34.178921
11.871644
70.312958
1.435436
65.016785
41.554626
9.417429
33.658333
16.371422
69.449387
65.293945
1.011602
27.352568
