74.278206
83.126488
81.010887
89.320625
88.998085
43.429306
42.409634
-3.555712
69.586861
80.137894
17.107147
78.142708
87.405312
54.341751
65.339554
103.299232
52.513409
41.567165
86.098396
45.766323
64.206764
22.290400
89.401268
48.939709
36.091133
31.978243
59.754818
48.698071
65.185799
22.106482
-1.994239
47.040520
61.278881
44.159168
54.257950
67.583588
99.397110
93.132713
88.638634
87.839767
59.313557
93.400887
87.185417
79.909081
58.200371
50.114964
29.851549
30.000189
15.256227
54.734974
19.874308
3.829394
97.104103
87.666618
14.437482
56.345135
28.437433
77.478142
67.650536
79.857147
28.437433
37.492481
98.870918
14.687313
38.705448
48.173893
79.678078
21.534794
30.866400
85.482704
0.351807
21.091137
101.218208
12.465219
62.031307
75.960121
50.741077
29.922773
4.203320
66.712570
93.826546
70.391769
81.450798
41.151913
47.308178
89.068665
96.856766
98.696648
75.898766
64.552727
102.342102
52.699116
44.957005
57.764076
95.164078
-2.521525
46.939026
80.365532
92.692192
76.389061
0.593575
110.587975
72.591499
18.471758
-5.715540
9.857479
51.592846
51.627880
106.532890
105.866341
36.738041
15.107444
53.936543
52.829597
58.313408
56.369553
92.099449
36.068920
93.992622
54.132526
103.601089
-2.084828
44.119606
103.584801
76.930641
91.765221
22.940554
1.904854
12.898765
104.004585
84.171989
8.360419
18.806032
10.453580
88.421883
19.428480
48.822670
51.290817
57.121971
-3.064738
7.621125
45.531139
12.743670
1.417026
23.480783
-0.951999
90.113930
89.684166
25.021574
88.884026
79.058357
92.289406
85.946953
72.398827
76.691406
28.266493
35.498997
37.889656
85.946953
27.497522
63.254642
54.410461
69.251854
55.943996
-0.639685
39.762035
45.940235
73.218605
80.256920
42.568825
7.185265
43.205185
34.001259
36.402966
33.515507
90.786766
5.296368
5.593220
90.732735
1.647274
33.384060
82.328636
84.626236
45.235218
71.360893
89.614052
68.034531
94.364288
111.051880
106.098335
56.111866
101.542122
65.427704
67.510384
59.679375
56.386978
37.281780
40.043110
39.727806
6.773031
93.449577
21.470547
49.294895
95.272911
67.130585
92.771667
47.108768
36.897053
26.207548
54.070412
30.948954
-1.439811
57.443863
36.397575
92.495598
22.485245
108.770805
71.542976
95.629585
34.944973
76.712379
58.791630
8.744242
61.945644
70.224541
28.289629
13.302049
75.253624
34.118694
89.066963
55.343838
0.048596
81.269455
50.119884
36.223652
88.912025
13.551325
39.022957
56.296062
106.022011
102.132858
96.878021
40.477604
12.578441
94.573814
56.421658
66.839470
-5.332618
47.599602
26.548090
34.931927
81.149452
-2.047654
-2.783537
-0.088522
95.112801
76.743690
44.620197
48.838017
75.215584
82.295609
32.329647
63.097328
54.511097
51.950916
98.607552
89.697929
80.947395
52.418888
46.580036
9.331932
64.344688
92.876602
43.091393
97.104958
51.825176
69.279549
-1.161219
43.624077
37.792835
28.163530
9.026052
32.447868
24.114481
87.797752
40.192680
55.491383
60.513718
66.516975
72.248497
98.759743
63.558685
76.442520
109.623062
48.740028
82.943947
-2.575720
27.111670
105.673210
11.932967
12.595151
60.155338
99.144386
49.927700
5.604072
86.504097
57.737701
101.489502
68.693901
2.789319
54.666721
79.870399
13.908336
18.285786
10.911434
2.191201
-0.474123
26.655317
81.530457
32.910526
44.465122
7.576421
108.544479
93.594612
61.783596
60.621082
28.985914
37.936882
60.014126
58.980579
10.570032
69.837219
88.755188
10.107952
21.592258
24.751448
16.385593
87.084335
51.537846
99.903450
93.812897
93.963844
30.051683
73.599838
9.265410
59.094315
97.196861
36.168346
88.482079
-3.363180
56.293808
79.546692
7.742182
27.350657
22.704161
15.107444
33.942810
90.149925
3.243436
6.064741
90.324181
73.171944
85.620613
54.855373
74.855721
88.779190
18.990196
5.567955
77.100975
1.643523
57.057552
78.866875
94.615471
8.834197
67.399712
55.121037
45.500423
80.132256
69.487839
-2.006992
71.699043
1.060820
87.523842
17.440367
64.223381
102.734207
58.930103
20.625885
-1.056431
43.382999
67.635277
102.341965
0.269191
11.878178
78.648537
96.572273
6.404530
92.054619
65.091583
37.145954
80.218521
59.577667
68.581383
49.755371
69.214424
99.959969
76.151054
52.046124
83.195427
48.438618
73.755241
52.896961
37.209400
45.325504
86.727638
89.712326
25.017862
91.384071
66.278481
84.576050
91.101677
35.940926
73.601784
64.029243
26.408083
55.194283
-5.009449
82.695259
70.288788
26.217312
75.543465
8.080041
7.281949
24.157185
91.758369
108.391182
19.440763
22.475260
18.364260
52.282681
3.487494
93.431511
104.542824
81.691216
89.136024
9.037236
71.030769
45.764782
79.430794
108.186775
22.940554
12.940529
107.157646
109.370201
82.587212
111.439156
3.318063
73.656532
16.463011
60.146065
121.743736
56.345135
48.885498
38.792587
67.471565
15.088924
39.218300
11.167728
60.502926
0.717813
28.001831
73.974998
12.167912
55.582153
34.827847
27.226179
107.224594
52.999409
69.354523
84.645485
-3.028039
-5.284277
-2.872640
86.569359
9.115319
57.907032
68.865623
36.236813
88.790886
51.423351
84.886200
70.556122
62.679314
-4.416800
97.633751
17.727913
49.265835
92.967522
111.411797
42.514957
34.541233
26.419191
32.329647
64.757660
31.329048
-1.129872
48.088997
91.284370
87.811333
88.529076
44.789211
111.787483
4.594056
21.826609
27.654009
52.210930
-2.448622
78.213806
87.286430
43.662239
38.169624
24.749136
101.698387
56.130089
65.350655
102.849907
83.273918
37.739174
57.426868
90.916451
74.445549
2.086727
67.145119
47.446930
87.414055
12.080275
60.805206
8.466149
92.651741
11.190406
12.188388
36.842785
90.797813
84.453369
26.235117
38.572094
-3.117039
94.528923
35.435009
55.582153
97.717003
96.320831
107.731888
68.041039
56.228596
2.658603
25.698538
90.202599
73.192566
78.142632
59.933952
79.528175
71.713814
84.645020
79.568542
98.750732
91.849983
44.811146
17.625978
78.981102
7.963402
108.847710
10.115365
24.712467
64.385643
41.580429
-1.543042
14.213279
1.402689
60.569515
32.809090
8.680326
74.317696
95.865074
-5.437523
-5.201363
26.732620
9.346406
47.667034
51.160172
62.141865
74.399223
84.273033
37.133121
70.145218
72.294136
20.313017
2.863778
47.601841
60.713528
64.813377
67.775139
99.668915
108.687935
67.507133
88.827751
13.845016
81.104240
85.465599
40.124638
108.339363
96.887207
14.177505
87.962456
91.762924
-0.020033
78.538017
82.042999
51.932686
86.268303
22.067869
77.682198
45.973976
108.827148
-3.583577
21.292423
88.659187
61.776020
85.969917
80.260544
76.631554
104.259712
79.751381
18.240942
63.538078
43.394970
23.276144
77.492935
84.192558
4.643025
60.214355
64.314812
-3.583577
-1.849264
89.965889
0.855636
94.471748
31.007828
43.095585
56.761356
79.595970
98.242920
56.683975
4.382654
71.739113
22.426504
82.774178
7.955709
48.572933
-1.575264
106.150948
78.853745
76.845634
80.825493
26.712801
103.031410
45.500423
41.605453
0.848558
47.823746
32.662090
97.964256
64.264145
58.086704
52.287033
57.726051
99.411690
68.740448
39.892788
55.111332
33.005848
70.612709
70.869606
4.288561
47.314510
107.251442
47.231163
26.406406
87.953773
68.503487
-1.176469
88.853676
28.853809
97.209351
65.157845
77.571434
53.060066
24.095724
3.306152
18.384899
47.924236
74.377144
55.546432
97.758873
58.354595
12.407789
54.317234
90.520164
-3.461800
87.181221
81.737785
0.740327
81.445381
91.286324
8.867892
87.360176
57.271275
8.755610
83.582855
13.908336
9.521106
95.935387
70.904221
61.575233
-4.000000
82.588120
95.295067
70.047340
67.002357
95.035118
15.268149
76.959999
13.696172
-0.883168
9.968070
34.730591
31.618849
81.806282
14.698288
33.134769
88.842918
55.475639
68.213799
50.934761
85.260414
-0.913885
34.874706
70.184074
92.406700
42.553314
7.594230
-5.711500
61.791508
20.908766
62.834484
59.784271
63.895664
86.795120
83.607475
101.387733
51.468624
-1.021966
2.968656
57.486351
54.469109
-0.172850
69.396507
65.953369
95.742714
44.327301
8.643156
54.278614
52.494873
84.971031
52.941322
52.118973
80.404816
44.822678
53.415924
34.367138
73.897285
9.632903
79.887093
95.097298
48.977505
-5.207611
78.852707
61.858738
41.729794
-5.200594
79.568542
56.345135
19.652388
56.406712
77.495071
63.112049
90.807259
50.038544
74.167099
61.005112
12.595151
38.225029
39.911160
51.418652
61.946972
39.562222
1.923296
67.049080
74.302284
46.036350
7.594988
-1.656196
88.148720
92.472374
74.766678
105.752113
76.695717
0.197865
55.239731
15.107444
92.058479
87.045509
49.218502
27.640476
37.988014
55.827263
95.745552
85.639008
93.596039
6.866397
84.580536
2.138448
106.946114
94.792610
88.222115
49.536221
54.215530
98.946022
8.755610
-2.009697
56.147419
61.989914
86.253761
80.660286
51.462658
77.295189
109.979683
87.328987
9.227511
64.269142
25.108360
-0.298249
40.566982
-5.188355
71.934631
-5.397169
94.546608
81.664543
45.604294
106.026489
37.200153
1.849694
84.567986
79.631447
105.736450
81.547127
29.481581
77.875099
34.140503
62.471523
12.188388
82.741798
89.087242
73.844139
16.752405
9.346406
73.411095
73.468460
88.911659
74.969917
98.721840
52.496616
39.858334
101.793022
51.459835
75.339119
8.803856
74.046761
29.745499
97.602333
89.406517
65.835030
-0.149118
91.990211
-1.700305
10.742556
-0.316955
61.426823
83.639580
8.841886
