89.174789
20.462399
8.823444
98.244972
61.404350
34.833061
64.545479
12.239027
28.701031
84.874626
94.759216
95.436043
47.707016
53.683140
102.139099
13.963363
48.985191
88.818512
31.428602
70.972336
103.257263
16.709797
15.570871
83.751274
57.874973
77.510986
90.394295
13.735077
20.073320
45.354557
17.338047
32.595230
101.640045
65.378021
32.913254
87.020767
79.376282
59.163788
99.451729
94.417282
58.233845
81.222130
56.335281
95.486160
66.252678
106.052383
59.861069
90.103058
27.221180
101.872406
108.772629
88.508812
47.913708
67.801247
2.131747
84.770767
89.702499
102.207184
25.693710
21.748892
89.427780
56.095596
14.326811
69.134895
24.014721
112.382614
99.491341
68.415970
2.744103
41.859009
32.100086
88.814758
58.690052
23.715935
12.451750
32.851803
97.018951
38.794830
81.786011
66.334679
41.592461
97.698746
76.307083
51.524426
45.194618
36.579941
90.296738
48.149868
60.880142
43.725052
104.355911
75.029694
103.162033
9.622396
3.665543
46.960365
55.603470
75.994064
90.645195
100.430435
14.318380
73.105034
62.411976
87.145645
100.291405
27.593626
90.439224
72.129562
21.783665
50.393208
88.635925
8.478928
10.834496
107.611847
12.805101
100.379112
70.811714
97.650986
108.177643
32.475361
66.082596
97.136360
66.406708
47.282036
69.089111
104.725441
98.614464
68.427620
103.789886
47.416237
85.576553
69.148491
42.551296
91.659500
85.242302
75.341682
65.014374
37.579781
22.391050
15.294050
80.537254
89.416885
85.264465
95.065216
26.969273
93.364944
69.966919
85.994202
38.272114
84.769035
24.278227
31.221771
85.674156
21.324276
38.704372
106.559006
45.478600
38.937096
65.520218
13.182861
45.189484
95.116730
99.661667
43.331047
45.037766
88.948700
27.780365
89.634880
5.264773
52.758530
66.479340
68.490524
58.566658
92.024231
22.680779
6.408701
66.334679
37.921467
86.511627
51.201370
39.510807
34.304916
35.204304
66.688019
102.180939
45.826103
39.871201
72.058838
87.758087
61.054482
32.774754
22.580273
44.454285
80.093506
102.400726
71.324799
45.943962
89.922707
35.079437
102.551102
70.008636
7.108057
92.397041
88.829262
105.795090
57.679737
43.258743
75.269684
68.653488
107.342117
69.948380
72.270279
77.012169
66.267914
91.197289
51.803085
71.543121
64.436951
83.949608
94.613831
68.842651
84.506607
37.184280
105.318161
31.923037
86.142075
55.591675
79.812668
82.279114
75.014717
37.050301
22.680779
80.709053
95.986908
68.788612
40.862480
99.653572
41.128201
5.421150
8.411827
3.699332
81.232727
47.578484
52.160973
42.502800
43.245270
43.151543
84.945450
13.576771
83.463860
45.478600
81.948601
22.391050
26.708872
8.497517
90.973892
31.870125
83.426483
43.594212
56.310776
89.795410
84.330704
72.104538
79.751831
17.641743
96.455887
53.822273
78.836731
86.764801
86.668335
25.606831
100.042381
109.205200
53.109833
35.204304
76.699326
72.598343
18.490440
85.065994
67.233299
106.032021
80.194946
61.427994
39.296471
31.167641
75.778046
42.028889
78.339310
52.340202
94.977242
103.981628
105.942543
3.105834
14.145695
42.181290
84.418152
59.250164
105.035599
106.363220
67.743744
84.819672
39.678516
20.711668
61.990627
26.505768
76.797195
43.783291
102.730423
78.556000
41.530895
110.998550
101.997192
50.820095
70.078079
7.851286
17.273018
92.445053
102.594711
99.424103
38.422951
104.009239
50.010529
54.564941
68.990189
94.369728
32.014824
55.899872
63.389503
82.810913
108.009964
48.358353
44.559193
74.103958
68.741524
84.972900
38.937096
106.115967
80.438789
79.761902
92.771179
62.984276
49.612724
73.344910
23.592413
41.301453
57.772110
77.938995
76.739464
22.515041
84.861328
13.101856
75.509911
68.870575
28.624117
101.694336
18.078888
71.816666
81.204300
90.080933
56.040195
2.326618
77.957001
101.423119
49.906963
44.454285
32.266983
45.135048
44.936264
83.828743
100.237320
106.155518
67.158310
33.766441
103.066940
110.968643
106.800026
50.580002
66.414467
63.218948
16.008406
71.413704
84.285103
54.900883
35.450420
71.312347
8.411827
78.699165
92.679916
99.207703
32.445438
35.375538
47.688675
108.810036
107.879845
19.863737
50.650551
50.050186
38.753643
96.010475
69.599815
73.172256
74.113121
95.370331
81.459610
102.291336
36.367237
87.333008
71.603394
51.371651
65.602844
54.020515
52.129150
78.872360
16.007561
92.074219
100.620895
13.409440
30.504242
75.692078
88.230194
68.625755
99.875275
44.172409
16.510750
54.579357
94.871071
67.967445
50.774063
22.246027
52.671478
31.799452
46.108532
37.078609
110.339966
102.729164
31.293297
20.870337
81.495049
61.018120
111.529129
87.882439
65.602844
107.579529
16.964169
107.057762
28.787264
99.377403
53.121716
102.158661
36.945953
81.328186
31.675501
96.814636
102.779480
96.990219
95.316490
56.840469
76.662064
89.850388
104.009239
76.354935
9.556741
44.451935
75.292290
73.799576
79.383698
53.706005
36.017517
69.246674
4.105350
65.564743
112.202087
90.190895
83.891212
72.427338
101.231873
52.474209
9.731115
32.983677
103.417152
84.632492
75.579926
51.469101
53.072899
93.790405
83.623810
34.484570
19.712399
74.315697
60.496372
79.682877
71.208267
87.180893
61.071404
95.949265
58.465508
43.108246
61.136906
25.380024
75.556610
3.680070
50.850296
61.877304
89.434158
24.682957
82.320694
64.492905
18.706038
95.912758
4.879169
47.799011
28.256544
6.196676
43.795815
110.968643
51.611031
38.119682
97.279938
82.168770
5.214624
80.149582
74.864944
29.069153
8.202450
91.151794
69.762482
46.233604
83.634293
62.957214
116.884293
53.146118
63.890385
74.033234
62.862740
18.228874
82.410934
36.840302
88.924095
63.618397
11.190575
31.411816
14.858848
56.480598
86.265182
85.492538
80.902100
89.610611
48.571114
60.322701
101.800301
96.132645
101.523148
37.781452
57.041092
72.296204
46.615936
88.837006
38.830048
109.631920
51.065762
60.149902
86.548508
55.389130
53.540337
27.561880
85.264832
2.623405
106.442215
52.170166
73.272217
107.688126
68.860855
83.991119
108.824524
89.466507
103.490959
29.220070
114.020615
104.494476
27.555267
74.328461
62.658840
94.369873
35.238800
56.929333
20.157356
65.143616
105.434036
90.015366
88.807724
90.780067
2.383097
43.003304
13.937582
99.360092
4.105216
47.273354
63.772366
4.035120
72.598457
83.457077
96.053162
95.556488
105.325180
19.579569
66.334679
49.872387
48.965530
109.124008
83.303604
54.538609
96.866531
85.108910
15.430130
92.305313
60.830505
75.936096
65.929359
46.602104
88.725250
74.642899
35.421974
52.414085
34.616257
16.441750
84.788506
66.044708
39.568176
36.131981
94.604752
25.337036
44.869476
101.235077
10.600251
62.957214
80.177582
98.114456
87.119095
53.071354
74.054565
65.887390
28.364613
27.561880
76.281364
15.342239
36.681156
58.814987
49.772507
107.914566
83.681183
97.859085
20.547173
18.494852
94.523331
106.454643
96.490662
85.856628
100.429337
34.176300
96.686646
