96.163750
58.988605
68.368408
60.132294
69.912941
43.312828
58.225697
15.298623
68.494049
88.782097
71.400826
9.708344
68.045479
59.674522
55.146328
74.324516
46.550636
53.514374
34.151157
96.207031
76.963806
69.009712
82.850830
36.729012
92.751350
1.273123
79.252686
19.282738
87.123184
96.216003
41.713165
2.186480
88.095978
12.350948
87.957764
58.859505
73.301208
85.419739
59.697746
85.338760
88.022858
82.575829
97.949272
36.262604
93.603127
58.745003
86.610260
24.004337
95.922470
66.823135
94.264763
71.930817
98.896805
68.472282
50.324135
2.683196
66.394539
21.800117
21.955853
67.833557
28.250055
80.911362
64.695923
67.631927
97.248932
67.607742
78.794281
93.858521
76.562950
3.162250
84.824951
14.436019
64.457420
62.227009
15.631836
96.880829
42.049316
10.038080
54.551239
16.846909
94.705406
86.797134
7.936495
61.018192
38.505253
29.240133
60.180756
22.507030
2.398197
61.444527
96.486404
29.808338
76.974823
81.395691
96.109589
94.059540
79.860870
88.195160
2.094508
44.125603
77.056290
41.530540
20.241671
68.846367
91.806801
1.412089
59.175934
27.589838
62.813499
11.177341
96.703247
94.553360
70.583252
81.347488
55.780510
95.038010
94.482277
3.902209
84.778809
82.360901
70.778503
45.340687
50.704281
3.420004
4.447911
5.621481
94.747871
86.530106
83.389297
86.044815
35.924805
93.246719
90.394867
8.104662
92.173859
62.791622
12.254618
52.329201
75.081329
78.583252
88.893127
3.875834
96.621231
8.448874
91.018379
0.973765
21.290112
29.684135
77.684128
68.400360
3.874137
48.235863
94.310608
58.828064
8.762959
19.827732
22.260971
88.391449
11.801132
94.361290
63.975937
48.034760
80.506165
80.907127
93.982903
50.436531
60.372410
94.426277
94.855667
60.391182
93.700424
86.282211
87.226700
74.187332
88.126587
31.052933
68.775871
53.299370
96.450157
93.763168
67.833771
73.044128
30.428207
62.224854
1.426751
24.696754
85.814178
84.655029
97.031509
9.122699
87.345581
39.336006
52.859467
3.984539
92.300369
57.483921
10.875158
27.947741
42.102066
87.747849
94.107712
17.457439
25.320175
32.818886
10.094589
42.067528
91.879196
87.531807
97.501770
18.058857
32.514091
21.531300
70.707932
2.966355
67.045738
1.440432
75.485291
61.020809
38.219627
38.713852
75.601624
56.280434
21.190615
78.429008
47.592049
79.975174
97.784042
29.688330
96.573799
56.469807
89.822128
97.338303
1.148904
1.128887
95.273956
92.948624
11.867767
84.174484
80.313095
96.355545
86.609474
89.037506
94.199661
2.552952
96.414124
2.346428
79.782104
14.246992
97.537872
10.873905
77.773209
36.853279
63.762558
57.177349
11.829021
38.740250
20.660122
80.577286
70.559799
1.928123
84.858803
95.238419
40.033195
96.766113
4.617497
93.052605
85.137741
97.308701
3.306630
59.861530
79.497559
96.821426
70.513168
69.028793
53.783401
67.175339
15.298795
12.285125
85.516937
75.522392
39.869141
93.216415
13.495721
36.112572
75.709564
97.013763
91.208694
59.875790
83.666458
24.052549
86.815125
6.601439
91.639816
67.094307
77.553680
71.853127
88.315804
14.604320
80.298981
76.542152
73.962898
65.977112
38.101177
97.128769
15.578977
76.112259
55.034996
79.679688
68.521851
29.285978
14.725245
15.843827
95.234688
70.384033
44.704300
5.335359
96.771027
94.766609
77.030472
7.799680
36.320099
76.731934
15.426291
68.260971
71.626396
81.732216
73.703537
44.476860
25.820488
85.713509
96.294380
83.745209
27.841511
32.647408
73.375610
45.531803
5.335359
56.208241
85.079315
2.168071
91.825363
84.855270
24.052549
23.785477
38.379654
19.281296
11.118622
80.785583
46.049171
32.214691
88.165543
89.368698
32.145420
6.442449
63.001549
82.591248
95.167831
56.431778
78.412376
63.787861
72.210403
61.346397
78.858253
93.466545
22.507030
29.203953
5.118904
91.522530
53.833626
20.276772
3.639392
52.897583
38.855812
24.322193
26.578283
2.103733
8.932875
1.588010
48.752563
49.032043
64.488823
79.100815
57.249863
80.490593
41.772385
39.748558
61.431217
59.421108
44.704300
18.466082
66.831688
63.757805
12.688478
27.835915
75.589371
79.110107
76.670578
84.128952
92.914650
4.794346
43.609394
82.652908
95.224350
78.594360
36.121941
58.179310
26.704334
94.472656
43.633434
72.363541
74.735840
87.468369
62.866882
95.558304
30.983425
49.799278
96.010864
42.269119
1.735496
60.073906
98.334709
95.340324
86.414589
33.075329
51.929379
79.197372
77.058289
20.206768
65.972763
93.720169
17.728573
34.473064
29.308601
91.144577
28.837208
17.285122
90.208649
7.951825
12.931528
97.393562
44.905998
88.769608
17.931469
87.310158
20.241943
96.725769
19.333046
95.074738
30.007259
68.531837
14.265290
61.617943
69.915901
94.793365
90.954323
2.966355
1.179669
80.621048
32.139996
5.511358
34.035088
5.068514
76.015190
86.490845
94.846344
91.606201
21.067741
29.755730
60.361603
13.337435
78.340775
92.241005
34.474510
91.116913
65.146744
92.715881
8.325286
95.222351
13.218706
25.149704
4.433807
52.346203
66.960663
91.085709
60.586182
43.958645
8.114912
18.323622
68.585579
26.959347
89.089622
72.176804
83.115051
45.172489
75.876076
89.743134
92.204330
78.694176
0.864111
3.461160
33.618420
77.807129
79.934738
56.789207
18.834164
44.254318
4.863532
75.600906
93.606903
27.841511
72.961861
50.924664
91.525322
38.505253
11.234050
27.003304
97.289223
95.403061
94.930229
87.853241
88.938690
67.777267
17.576731
25.809994
85.491165
42.772430
86.588615
0.908189
81.918411
57.310539
2.370871
27.885021
79.234253
45.426289
87.952049
88.003632
69.317978
36.729012
36.844948
72.311356
83.236671
13.988975
81.150314
32.454227
47.118877
56.798027
93.229172
97.129242
73.914688
52.940868
92.641289
76.715218
20.510715
57.367889
71.844749
85.125542
1.179669
24.052549
71.903801
73.202972
93.971718
68.924332
57.685322
30.175713
68.735870
74.083908
67.645462
93.467560
32.790810
47.334671
84.981155
15.901648
22.179081
6.787723
79.686554
96.757431
96.323555
98.658394
59.526886
79.705811
74.618073
1.674416
32.514091
18.157373
95.137558
5.286312
64.798096
24.159639
96.747330
31.226002
75.577362
44.712204
85.485352
76.748840
7.315290
83.981064
88.455017
79.010391
96.311867
18.374468
86.665756
92.609741
5.335359
43.151260
58.846024
73.573593
88.429291
44.591026
54.158882
93.899300
89.575554
46.114426
23.074854
89.382416
86.095856
75.875473
59.350403
93.430832
36.262604
58.959793
44.486240
1.550940
82.826904
42.515785
92.651962
18.232306
29.314487
57.722038
14.635607
27.933907
44.151829
43.811111
89.948502
89.263275
4.539964
89.459473
96.612099
81.591446
46.707180
14.979718
49.478336
94.960953
77.990952
38.652992
67.839264
61.998928
15.298795
47.589882
79.227448
44.905998
97.060989
2.072292
69.177246
15.664427
55.584068
74.221771
5.612789
1.513967
20.013527
59.638466
16.401140
62.382099
2.708928
56.480942
3.944038
17.539932
37.042564
16.651628
72.693413
93.562531
84.125443
52.929054
35.904537
1.849479
3.183171
47.693348
87.016891
40.703171
95.697113
70.497963
31.636322
26.394382
94.967346
38.505253
59.842827
77.899406
84.687119
60.073906
91.033943
96.711197
69.274170
83.820786
56.336006
20.486130
74.255798
1.562992
93.843674
80.711227
18.374468
3.462208
89.607971
93.094864
15.037951
77.383408
93.458694
48.334328
38.379654
51.659069
16.465336
85.443993
59.693100
85.997711
33.948227
95.462036
33.649105
43.782921
30.284191
76.273773
95.606750
68.955734
4.265519
36.382187
15.038468
82.902924
62.041492
85.874962
74.675682
44.335075
95.878120
92.319084
2.708928
53.871429
39.193188
97.248505
97.463371
91.316650
96.908417
10.128477
44.829647
94.537979
92.136246
56.561546
74.808884
9.172459
68.910660
35.779510
1.639016
62.486759
55.087177
47.782776
73.958221
90.084381
59.811031
44.912838
87.138138
36.621647
95.245224
9.984377
46.550636
80.553032
54.235481
36.407570
34.906731
51.207367
45.616398
1.812540
75.903542
78.256081
24.805462
83.009727
12.372091
32.093739
72.201584
48.409149
90.450851
27.949707
44.501278
54.208374
79.735046
26.970821
58.147449
13.446692
73.896454
83.961952
66.390060
18.300426
1.947559
19.027298
78.925430
93.119713
95.294632
86.335785
52.298195
57.789330
98.462120
64.017540
92.665543
42.063332
65.144005
73.127930
76.748840
95.596481
87.164307
96.341743
10.912169
20.316336
57.539616
14.983759
68.856659
91.586609
51.979614
88.515869
31.183767
3.763329
94.411209
91.343063
92.658463
92.368935
76.763313
84.172485
1.106112
88.753021
35.391312
94.108688
15.203840
86.185913
76.511032
1.220767
94.048828
35.219212
89.544174
28.491186
80.798813
1.765520
40.726898
63.472397
4.789830
95.028313
97.552315
80.187569
45.379829
74.750809
42.887421
62.596615
36.938156
94.186684
96.756432
69.818718
80.142220
87.470993
2.660188
88.726273
96.206573
67.930504
77.877075
36.168461
45.209919
95.525452
17.881809
16.055443
59.533363
86.828484
92.680069
60.312717
8.862741
69.162331
60.554886
74.523338
22.507030
16.728931
