15.048151
3.291454
50.279549
0.660573
5.895926
3.812957
41.054523
4.814837
51.401649
6.909244
2.006517
17.090340
64.333786
65.306900
65.029747
56.036545
33.014603
49.965302
4.369179
2.068196
7.334234
53.624901
55.299339
1.298226
0.808474
3.924091
1.395632
4.470196
67.724930
50.333435
15.473290
51.015152
10.558086
3.276297
53.747627
2.171875
89.146286
3.682249
3.923960
41.708637
34.591087
90.644211
1.721678
2.957922
72.639420
2.267467
18.096184
43.728966
19.279953
10.007057
1.907201
36.278458
1.709904
8.715560
13.155722
2.754988
65.247711
11.626911
46.237255
32.382153
34.894081
54.746902
14.385607
31.325569
30.483418
50.400692
63.286438
55.357494
33.612030
51.170982
1.041630
41.371563
91.093002
30.168087
48.797806
90.976227
83.998299
65.887871
32.935593
53.148373
43.563873
36.968155
0.792059
13.922062
53.802486
56.314091
13.782777
52.608727
25.137190
55.632008
18.254269
16.435547
36.139942
8.085469
53.031132
58.925255
25.801744
13.539283
75.667725
8.464952
27.821270
81.601288
66.602707
1.043635
4.774375
90.308205
11.660229
48.960075
28.065722
2.895191
3.130494
54.704735
31.827120
17.846304
47.789162
21.060608
42.612129
14.861346
51.894669
42.604473
2.909606
0.618538
4.684474
72.198990
27.715511
72.206070
1.202475
0.793200
63.880932
2.896071
17.902225
59.777416
42.003601
70.146683
1.392087
1.985842
60.415291
6.351372
12.633351
34.152916
72.733711
6.835988
57.018486
2.213990
43.746056
43.579456
1.872508
30.572449
53.408653
1.513142
1.342394
5.535474
16.801897
58.239044
91.278793
32.341759
72.610794
60.823021
0.654024
12.372170
40.353966
54.719738
71.755264
1.848588
40.526447
38.008514
47.938751
84.647888
20.884947
59.802338
57.702667
25.692341
65.742004
10.455528
20.328478
48.681377
68.354591
75.326775
21.994370
55.258797
12.277289
57.020050
20.945892
40.303810
62.480812
55.922810
50.378616
6.621076
48.362816
53.934425
63.642838
37.059937
24.824715
16.538906
44.447823
37.516819
2.038413
0.651134
22.503403
9.165895
7.671714
77.432907
16.435547
1.830048
21.253716
39.370411
1.422365
14.254158
48.771233
25.276501
86.763412
2.276971
9.682825
50.790867
2.194062
34.347893
1.265357
38.677498
23.130524
58.860630
3.053115
1.398090
39.311691
1.130453
5.714505
46.942822
54.529591
27.693962
91.517715
26.758421
89.768738
51.702625
25.955050
18.069111
73.592041
71.618431
73.912186
8.676456
55.041992
54.566525
28.585804
7.613368
55.788418
57.704887
39.628143
58.029678
63.900986
3.536479
14.556412
4.433631
65.657372
42.764481
24.334866
16.922276
44.171074
23.467911
20.990564
3.833230
65.298180
1.528229
1.442420
0.951504
56.370392
21.442513
49.509098
77.793015
53.479229
29.416849
25.076302
32.653439
49.868263
15.671667
88.973389
43.651390
41.625946
34.158142
56.624702
9.034147
48.107426
1.967407
14.354769
24.161255
59.542698
55.891258
66.682259
52.356243
69.679245
47.829132
9.475861
71.285507
29.267138
48.825325
45.472828
74.998764
31.862501
69.063782
27.785713
29.801672
42.625206
1.377149
46.258026
45.711815
87.875610
55.654518
4.128999
2.500111
57.262333
2.156576
17.726917
30.859047
8.248800
3.867673
22.968006
7.217615
1.556864
31.685638
15.576315
51.140373
3.619712
34.766312
63.277054
58.239044
0.620548
67.375969
11.203180
56.240486
12.222887
41.620293
32.377785
88.592056
7.371940
12.670731
44.077400
19.320044
10.966055
35.488052
1.007792
41.116703
2.334929
76.478020
76.083588
14.454612
68.751862
53.581326
7.339058
56.519974
63.729481
12.147173
67.993179
53.008324
63.837658
26.028219
1.708146
34.220730
33.712044
16.892056
44.953285
43.940598
1.915399
41.857380
82.510284
4.286451
14.916013
43.793144
8.562796
89.325348
42.818161
4.497495
42.231888
2.073692
61.517506
60.343410
1.368154
0.672211
1.316133
5.368307
46.534050
1.404307
47.087830
34.173187
16.550741
49.691216
67.351837
39.366203
55.628624
32.355934
70.261154
24.043665
7.046913
18.593601
75.009804
85.230049
66.633415
18.758148
49.810318
19.536158
17.272882
55.870140
59.870422
3.293552
62.285217
32.600529
1.906987
16.880297
35.622780
61.566650
59.985985
46.715797
72.761009
16.548504
5.012644
2.216081
21.614876
56.021553
1.341509
28.161686
28.954958
63.791092
22.450069
55.882954
1.498352
66.232826
10.317517
42.288258
1.404307
46.274857
56.776703
90.947937
1.528229
45.762321
43.333916
74.515869
25.823755
36.015816
13.838425
37.460808
53.938263
12.583814
64.481255
15.277849
8.249615
12.583814
16.114780
32.748207
1.929253
56.649788
1.132170
78.313049
39.370411
18.169737
56.281315
51.596367
1.498352
23.757809
89.805649
1.842373
47.283833
37.521893
5.285245
21.455387
56.446259
27.118782
42.414497
3.945979
23.819397
57.941391
81.617950
4.035600
5.365610
48.335632
66.895203
1.800047
2.623471
7.618158
56.117920
58.681160
48.459263
43.845917
74.386742
57.353859
52.415771
64.804428
65.803551
48.169056
2.104535
31.804787
66.203857
9.727394
29.681494
14.037347
5.321930
37.731743
30.251499
59.192696
1.946510
16.522619
31.776423
11.388433
22.851105
61.563187
10.988251
61.625488
58.906448
2.438256
2.121081
23.332893
27.191216
55.164883
9.744210
30.088390
10.560557
21.195736
29.519588
47.302780
16.124634
7.003305
58.157787
2.934136
1.280609
47.822556
2.114624
26.746246
8.357641
8.705246
8.192340
41.054523
15.567461
91.560745
23.871344
46.822556
1.033177
2.047543
6.832012
48.209492
59.268211
44.156013
50.338638
15.158264
0.779505
15.242384
28.700481
56.984337
76.963417
42.918316
27.647152
46.383102
54.378387
2.903784
40.826599
51.543751
47.010334
1.699364
62.027676
43.045059
44.807652
14.086123
16.515507
38.957294
52.993217
21.889080
1.084148
55.841427
21.853912
1.721197
58.314537
73.769104
4.313216
49.103798
66.848938
54.339577
4.174301
35.804729
2.224830
59.947075
57.870872
15.740982
70.528969
44.987823
20.823109
16.578936
57.029968
1.139517
33.648052
1.427271
12.671339
32.857140
64.824829
55.365616
58.427006
54.849426
17.515596
1.280327
62.925255
37.234131
22.180811
32.546722
72.088531
89.196060
66.943054
71.109413
7.260843
48.029015
3.295168
2.916674
51.581848
0.648443
55.085770
47.479790
11.179624
67.199097
6.913397
28.014076
3.514411
50.146408
1.118086
60.371506
3.812517
39.262924
1.708146
42.841927
46.678780
12.457282
22.034561
44.105629
48.113297
73.905655
62.360107
31.195389
4.195902
33.398647
14.366388
13.212046
26.224680
10.366045
1.605902
60.282494
5.545045
72.140289
39.043793
25.180717
44.697937
12.843278
28.668392
5.500309
13.740274
39.833130
1.108622
2.965397
61.607464
46.627686
43.564827
1.334175
7.966106
9.258173
49.371265
32.056145
22.815289
28.265202
21.394266
63.745430
12.427869
8.642279
0.677082
25.776386
1.365116
91.902199
1.819975
50.347412
41.054523
68.435112
71.205742
14.352348
1.430676
48.034828
33.357864
2.779731
19.054829
1.226851
91.126839
0.968758
1.963282
49.758171
89.912292
34.968224
9.634428
60.931366
4.493748
2.234159
5.058051
1.031359
44.778534
53.102539
54.699356
25.324783
2.226651
50.665123
0.646263
7.613368
13.180640
54.745995
67.490860
57.026833
38.079254
1.647808
9.575450
44.198219
4.922228
43.563873
1.152344
28.266293
18.954332
26.491972
11.735582
20.599705
57.021027
53.233265
52.564556
14.881042
60.503990
66.236931
38.153534
54.772919
10.741995
39.015549
63.258579
60.798763
20.518110
70.658333
4.861435
2.131840
58.486759
43.607273
13.940033
65.121872
56.434860
87.168396
64.689682
29.726036
3.602381
36.522686
7.726158
55.363716
4.188418
80.010574
69.940674
59.743401
57.922211
45.405556
12.399021
10.810357
50.757202
13.368756
16.093618
67.787300
58.239044
61.211998
4.226637
77.791168
0.645161
3.677502
56.629246
1.144034
91.622025
68.613693
45.395149
28.707268
64.804970
16.352898
55.931568
31.254114
58.527672
20.477133
53.351139
50.972954
15.364038
81.494545
38.199757
72.912903
77.989319
67.182709
52.067562
29.999744
33.737869
35.029121
19.897892
42.213608
10.935999
22.583511
55.383602
10.524828
5.386067
2.819097
33.711079
64.332993
1.031359
53.735153
11.448726
53.655060
83.572327
91.517715
1.339515
57.103561
63.745430
88.366943
65.010582
35.202835
42.689438
34.114372
40.213120
37.120365
35.240845
71.232559
37.522896
91.202454
9.085895
51.832451
26.801741
48.028549
15.625754
63.750065
68.689209
64.921310
61.833260
78.287766
23.033272
36.689827
13.625947
27.693962
2.836045
9.655559
49.049751
42.058983
14.824552
45.112694
44.164093
11.502950
61.799706
82.414742
3.262280
56.041534
