64.075867
53.943535
30.528099
44.530247
46.884727
20.378786
39.052032
25.433674
-0.847403
37.853367
8.761110
26.710373
33.143192
35.169983
16.101629
32.979897
25.021465
5.611324
43.334568
-1.387909
24.059063
10.891864
46.210964
35.637066
40.848736
52.160927
7.511706
8.555720
79.828537
38.136753
4.283795
46.889263
34.418087
20.119711
57.846481
53.066814
52.291191
11.806584
23.577129
8.761475
5.057085
0.251925
48.398678
27.660084
43.754829
1.917453
0.448560
16.816433
10.393806
3.463537
14.112388
15.174569
21.748165
63.240730
47.270947
19.902830
40.037964
35.663918
56.998177
11.921586
46.717293
14.602941
64.470413
43.356377
26.634115
63.982697
60.610920
38.188072
47.891861
-0.586717
50.768593
41.822922
-1.696074
0.710539
11.909890
63.040333
50.909595
5.983318
26.024700
3.191094
32.952183
5.801969
59.483925
5.698059
60.476036
18.213255
60.136517
68.924408
30.430735
47.107285
30.655922
6.196975
80.520233
38.233742
52.633297
47.903786
11.098961
38.134426
14.452475
8.367897
-0.158246
51.913143
54.781433
2.992090
35.746414
72.629173
44.747227
79.459091
33.704052
65.476715
8.704701
51.651768
21.102386
15.166354
81.964783
8.996902
47.478195
81.179047
1.765606
48.322556
74.135246
10.602719
54.074081
69.669044
46.132015
19.435904
1.419269
33.224037
6.106211
11.854795
69.743774
76.961212
40.459602
0.156057
65.964554
41.694965
47.714828
33.947453
54.017391
35.869144
19.241398
11.358633
47.058632
9.111446
2.874337
12.275341
27.311642
38.205791
15.095445
23.085093
25.551630
32.620350
37.862209
64.050629
17.760807
14.078051
2.931926
2.469112
17.900606
8.424510
20.733711
44.189594
43.600876
40.979195
40.298794
63.018356
12.246382
15.129950
23.766914
7.745220
19.611246
23.051220
10.500085
50.293236
16.111641
79.990402
60.221436
66.396027
35.799702
58.294304
66.475998
45.094265
19.006325
19.422138
25.280762
43.024677
47.522011
0.143630
32.300282
49.689030
7.842266
70.282417
58.627956
23.586309
48.847858
36.856628
50.544659
3.453225
20.786592
82.341316
0.782828
79.297569
9.203887
52.434498
26.762115
35.380737
49.569149
51.752968
36.081909
36.331779
31.510509
29.218349
30.439323
15.293985
4.226704
80.171913
0.712995
45.599552
42.212891
52.767326
6.597174
6.194540
57.561310
30.903419
23.544907
21.912323
30.133308
55.613525
38.840210
30.868874
12.055019
72.570351
24.821991
38.338593
10.581104
41.439899
36.315205
57.444798
74.560013
34.227489
-0.160383
39.840012
54.535225
32.927505
33.143192
54.868004
74.489441
49.320709
-1.693221
12.084667
18.704529
62.124962
76.260185
26.127518
33.983711
17.655220
40.619545
67.015953
45.861626
50.621174
43.033257
25.391815
50.523651
6.520517
11.658106
9.206908
13.961483
10.625776
53.493103
4.859766
27.155045
52.964958
27.500887
55.652603
29.580223
31.464733
7.864685
30.737873
34.022049
33.143192
1.430057
76.629456
31.288515
4.082742
11.446603
65.656364
48.903992
3.114598
43.239056
43.734505
33.962246
53.548439
36.331779
29.771095
42.330215
26.634115
63.007294
26.248064
26.481817
56.915543
19.039009
21.086132
60.905560
9.223551
23.935305
50.637890
51.582199
29.374060
37.452484
9.642859
30.374416
18.645342
62.604080
57.700974
28.027433
64.196503
26.692989
20.812351
9.879450
34.585045
-1.696074
38.229401
23.255791
0.367254
27.295376
32.838097
34.442883
23.027672
85.064064
6.320100
56.408943
33.253448
23.587563
30.807968
39.530830
68.022301
6.763780
35.863636
34.652786
25.361822
42.569542
8.979324
34.208618
22.395977
33.576824
52.655388
45.463348
31.943508
15.471139
28.610533
35.391666
17.201687
37.136948
7.482871
13.638655
48.673409
36.371162
5.907688
44.905457
32.361397
30.903530
84.525757
13.738092
72.508049
28.601467
41.767021
64.901390
67.677879
19.880028
13.678288
50.485817
52.728325
39.722054
7.603043
29.673044
17.686632
-1.175231
44.107582
13.410680
9.260732
53.880554
35.591026
5.749727
12.715679
57.679146
55.397072
25.178711
49.115509
43.702965
67.476128
48.234673
74.632530
9.260732
7.964080
51.250473
47.315163
57.731274
19.337681
42.406902
1.076205
43.564758
7.503486
14.799122
42.155693
34.838970
63.088493
39.997559
67.980652
23.125313
8.626202
39.880611
19.904282
41.849113
21.357666
23.903572
5.301369
-1.463495
26.343098
46.812099
13.532853
67.458168
30.608047
73.076004
36.857529
4.415318
54.485416
77.034134
-1.009860
38.653160
0.292420
13.410680
29.306746
16.726944
68.002014
4.538308
78.047165
57.506851
41.892059
73.668678
45.829041
29.080679
-0.865258
15.540449
63.876747
42.502777
56.651318
24.587542
34.685135
49.445549
35.158009
38.052364
36.559086
82.542236
-0.089494
80.644745
8.940816
87.378555
3.386506
5.550745
48.376122
7.734025
7.761914
34.014896
13.147668
11.102913
26.973316
5.382355
36.601032
54.262890
81.785721
48.676476
6.100284
29.925634
32.546238
71.699104
14.813398
51.871796
43.107635
41.124275
1.624244
13.602967
45.720356
35.814301
15.455069
75.289291
48.768570
16.911829
23.836157
0.298951
63.660511
51.880424
9.498602
34.344643
54.251553
9.266792
57.538399
65.374123
13.220845
34.921535
44.604385
26.066490
17.542154
70.415909
16.815010
22.334635
19.020685
53.637154
39.200619
19.091118
43.506523
-1.128817
12.181423
-1.696074
41.690071
57.549221
49.984451
25.008362
21.148159
6.597174
76.007187
46.558792
17.597155
65.712570
48.935020
35.734695
22.985989
58.332642
33.418678
26.464901
3.472033
53.842419
37.032505
74.880211
49.410385
49.852631
48.451698
31.840683
10.912853
41.679440
34.846146
4.327032
3.724363
79.591843
39.930771
23.649662
19.109079
55.388454
29.377787
6.427296
67.265129
46.837944
0.289572
21.238998
69.700241
42.891178
6.097245
50.867733
36.663891
17.876656
23.514679
38.969311
36.501492
56.328751
13.425998
59.216129
23.430817
63.623985
9.345563
57.276848
20.350441
47.883080
27.199974
69.900589
26.819212
6.648688
9.737210
18.801704
46.864170
34.797813
23.027672
21.047340
-1.613088
63.349785
39.860737
31.631941
66.442955
55.342060
74.618660
45.964195
48.039192
58.719486
44.867752
0.647783
30.476070
46.200829
74.092484
65.333481
37.513294
39.614368
42.487476
82.977188
27.255709
17.631201
7.439271
33.819626
19.356003
19.320133
22.208282
62.944077
1.000309
25.166656
27.718739
59.151520
22.270723
42.270275
29.642012
44.950535
45.854328
30.864704
42.707237
29.179390
79.684021
33.116093
17.651222
30.046963
33.218750
24.987700
69.902008
71.292831
40.881519
17.215136
68.378960
36.684586
56.266136
44.956596
11.687756
14.424406
20.469469
61.537384
74.697342
67.439217
4.630167
58.069389
84.038513
23.346804
14.058707
43.487698
81.892372
56.477196
6.206487
51.357986
53.194908
65.845917
37.771210
11.798211
17.525948
3.950149
68.996140
12.883533
17.456926
14.508313
14.002756
-1.693934
34.190285
23.051220
66.128830
8.425440
36.110977
30.547663
23.331148
3.967603
63.900616
25.109779
56.071262
32.659054
31.547585
22.694004
0.996390
15.862944
46.908680
51.240334
27.935104
15.069231
12.237069
50.778114
11.921586
40.010468
3.587383
14.638210
53.144566
48.375256
0.298951
14.986580
-0.573499
25.045794
5.261065
56.451954
23.129284
38.914173
43.446228
11.458477
36.996819
9.056157
36.802158
63.866051
32.333950
31.157684
25.560173
31.149210
4.081240
18.282635
4.827373
43.205872
70.730698
32.791943
33.294704
66.241089
34.135387
5.737088
10.845885
65.486282
45.836159
20.692364
44.420231
15.006134
45.230705
31.597990
31.070618
34.275978
46.514050
23.509125
44.825157
30.263176
17.822540
2.084781
59.984604
21.092754
50.642719
53.844208
12.824976
33.341324
35.750538
59.396034
2.252599
63.151558
0.259664
44.647141
44.400043
51.984467
21.086132
60.522617
14.841658
27.324688
32.304310
16.054312
26.309660
67.924065
14.717828
47.027649
55.489555
20.459967
17.669138
35.632534
23.932762
29.328979
27.965088
71.355446
51.978474
21.046288
41.753914
51.559387
42.506275
36.511055
31.378284
35.852299
7.661086
44.555641
53.956562
57.516689
32.680180
7.771475
16.063848
42.263546
22.710032
10.541764
21.573090
44.290768
76.510056
31.030903
60.264000
7.474463
33.043549
35.632534
52.143730
15.544768
22.590925
32.327980
16.040005
64.299561
32.819695
-1.696074
28.418274
-0.733023
56.734261
30.575630
0.360435
11.110016
29.000595
4.311075
18.131685
47.128551
5.760894
22.234575
15.701444
27.221174
18.956785
46.823650
78.229980
35.079315
2.976086
52.361538
14.848267
12.831869
51.533585
18.395592
26.745075
23.051220
3.093642
0.156057
13.105221
28.431866
23.170746
31.188654
41.237885
7.514503
66.680084
5.177552
37.756073
44.604385
42.560204
10.794234
6.822497
55.234383
77.825287
5.624040
61.445553
48.725681
17.709711
35.078873
84.329575
5.196689
21.429592
17.364182
33.224789
-1.693934
16.437801
68.573837
45.555122
57.486435
19.376934
84.877304
31.431236
60.223057
57.539474
49.228992
26.666958
50.451897
18.821882
9.510233
6.425516
24.215168
29.157249
54.134838
42.863297
43.202290
39.861355
69.387108
55.076439
26.126810
24.020046
-0.300709
7.697341
43.560036
1.451505
26.421902
24.099352
52.297012
40.532154
34.660896
66.819077
22.049538
26.452192
51.273418
41.056904
52.457703
36.410431
29.253145
7.199580
21.457851
29.909245
27.133820
24.530811
58.254539
41.743080
28.630802
28.837940
37.954597
57.152786
5.787282
39.089775
56.831268
29.036165
34.620686
26.717325
29.720430
39.885963
13.455958
10.448437
36.533627
48.879562
58.062153
18.519707
27.141014
10.240952
10.444011
36.706093
16.543093
44.079136
65.727814
12.915466
