30.098194
3.112963
66.155182
0.733752
12.074177
3.799773
69.005112
29.559490
54.072815
48.417656
4.911665
38.755173
77.275925
76.850159
33.238468
60.552414
60.056164
31.506426
2.908167
5.219166
65.420258
69.012619
51.289833
12.200422
1.752923
24.757666
14.262592
20.099285
78.891205
72.421738
69.829361
73.364464
42.127342
14.369593
54.828819
8.929283
12.179616
52.351372
17.846872
46.900429
79.270416
78.452194
1.973961
13.695798
73.747337
25.734882
32.689716
51.366058
56.182152
10.976506
6.336516
1.326879
8.018832
12.321080
23.137272
14.586515
69.732368
17.072948
13.187356
48.738609
42.386829
55.739239
62.388859
45.909821
37.339363
53.260532
77.051483
47.500694
45.427467
65.555923
73.669350
53.660217
13.190960
45.401840
49.437267
36.987991
70.766739
62.254841
57.567154
57.386009
46.812454
52.379028
2.663474
43.147659
64.630287
69.768967
5.903537
67.143463
39.273842
57.849861
22.332294
11.576835
33.062466
14.630406
14.611200
74.622894
31.915176
72.819153
58.397034
24.717096
49.188866
69.063950
65.023865
0.649155
10.866253
78.112877
34.586647
71.131454
1.429278
7.525553
7.760688
60.417522
53.711754
31.771048
68.383156
3.691073
57.079002
12.522743
56.810631
54.784363
14.494570
0.764924
29.411182
76.376923
55.164841
60.652054
7.131116
1.821614
59.327621
31.856781
19.758522
60.881451
49.655697
75.738342
64.142738
5.056930
79.172821
15.913424
59.948341
36.117393
69.624649
15.731440
61.017338
1.907864
51.040382
54.626957
9.647897
45.147636
55.432816
6.344864
4.835212
57.299168
79.270416
15.445565
40.885712
22.648487
71.024887
57.822742
0.560862
15.445565
49.816635
44.665417
74.659851
12.876086
54.971210
48.077473
24.385256
65.983040
37.604774
71.004425
63.205036
38.596661
76.109497
27.771563
32.230038
62.340576
78.409355
78.965714
44.591473
25.476498
14.920456
70.820190
49.717613
57.857803
56.259171
46.747398
65.985558
13.529490
55.480637
64.728256
73.371529
52.074181
47.214523
11.786759
60.655632
52.419739
53.204323
1.098101
45.584541
10.858381
25.895470
77.504364
73.715530
40.856651
27.010702
15.005022
14.727303
28.066456
64.968773
46.099792
75.159828
13.097691
66.468193
60.217178
8.377662
42.796349
1.691479
57.740395
31.709030
56.315247
0.683957
5.234187
53.021942
2.017104
34.466331
58.848953
37.591965
27.045195
18.401917
10.909149
77.507339
48.070221
43.829670
36.265354
69.465149
46.807579
69.098282
21.661222
49.867332
64.896317
33.800789
60.367359
54.032276
56.695728
46.916302
52.452347
74.030319
54.141422
31.787685
13.731214
71.252289
52.433777
35.733555
78.316544
49.470169
41.756126
48.279709
31.446138
78.275940
1.691331
1.664017
0.638146
41.638264
67.953194
70.997528
14.234817
59.416718
39.195702
38.264900
52.991707
49.505814
13.244232
78.372406
43.851665
38.893806
30.035713
54.529045
58.557289
55.082535
19.939926
11.167205
18.352436
11.846208
65.734215
64.870911
48.461281
70.807388
53.931549
29.903200
69.386208
38.812828
62.970940
58.502281
68.438461
50.100063
73.142143
11.860937
33.216789
51.145973
16.194643
30.259003
11.802961
77.382080
69.626457
7.654339
11.166426
61.334774
3.865707
50.944199
35.240383
34.558754
13.657876
23.000448
1.314540
4.201972
38.816578
72.168205
13.412924
13.764400
42.877861
71.093506
30.851019
2.070305
74.104813
35.988354
55.847107
5.142157
55.571888
23.613829
77.198776
27.129011
18.354815
60.177658
36.976089
31.474787
34.049236
5.481458
61.913013
11.900763
72.088760
49.874683
36.471588
16.589668
57.081120
17.710939
75.584450
63.238052
1.131021
46.652451
70.700096
70.077629
46.303223
13.493092
42.080532
43.073238
34.988014
52.601364
56.372696
64.929329
39.895061
26.978970
3.787565
12.397129
62.694607
21.973797
77.386993
57.287899
9.676890
51.081326
62.634525
71.587128
63.138302
65.618546
2.812623
14.319084
44.362701
52.177879
0.974038
45.533836
48.186607
37.448414
44.032642
74.347069
40.676212
54.164742
43.068317
64.500114
1.356398
19.203897
45.090286
69.821594
71.603416
18.971905
60.141838
54.677204
33.903431
35.461891
69.813774
67.179100
17.801050
40.926231
32.582283
4.125039
26.361494
47.376694
58.682632
74.150528
54.383682
49.631363
32.857143
12.949972
62.613129
24.823826
70.402992
1.022019
38.108807
29.518816
74.030647
52.498657
63.447598
1.929484
76.263985
7.758950
29.364113
0.702195
54.517288
33.533173
79.375397
1.691331
44.824150
55.497494
78.745850
57.696911
37.419735
31.676907
55.404449
50.667519
36.158752
45.782864
28.548004
40.180000
79.270416
49.346420
28.504086
8.852861
62.006538
2.206548
15.855331
15.005022
43.633087
57.294163
50.806175
67.953194
9.157698
76.446640
12.997946
52.064598
45.013252
50.971230
47.908386
60.559685
54.307217
7.673473
16.614073
34.205658
68.153732
74.719048
15.622427
0.930075
34.437889
71.854935
2.072211
1.538853
2.464479
54.709705
61.066296
59.763229
45.390850
77.879547
39.156628
54.067211
72.168205
71.534714
23.170610
6.981663
54.700943
70.269875
29.295303
53.231236
17.033487
34.811501
17.033504
51.363155
76.419083
67.953194
35.707573
51.863213
36.014832
32.807884
16.807432
36.845116
60.413040
60.945469
9.123356
24.985224
39.870506
67.680603
54.253349
31.982529
42.955902
0.694359
0.683957
40.931709
52.459839
30.496181
27.538862
54.318127
70.199554
10.587219
52.269470
6.867020
54.026924
19.775581
27.295889
19.554728
79.320190
44.417770
74.537453
23.602112
54.275856
2.429338
16.362949
44.353104
71.516769
74.448967
52.341888
44.590179
32.248863
5.912763
19.986441
48.548546
60.425007
79.156952
55.900711
44.358917
25.863855
78.851868
5.612716
55.662998
51.928364
68.773911
1.656192
78.201080
26.252625
57.232430
72.366409
49.128456
63.511070
56.421432
18.464073
30.019266
65.382904
28.085150
2.107667
66.693054
66.566940
17.446213
59.361488
73.652603
52.579529
2.499704
71.026718
11.627358
54.881336
58.191425
12.490323
77.747910
38.378590
48.165909
35.412399
57.865128
0.935348
58.271042
4.077527
50.179688
27.335938
24.565203
64.815094
57.220657
67.953125
35.068256
27.177925
58.221695
49.258667
42.760422
27.054592
70.096809
74.808846
76.803871
67.925621
40.397800
48.851685
16.547541
7.314617
27.108177
0.546097
56.673603
67.667618
35.475082
46.417362
29.002077
41.530773
55.414509
68.597397
30.111317
56.803253
5.908216
54.434639
13.493092
3.218798
52.738419
52.835163
7.673473
60.922081
42.221855
64.248314
63.208069
38.799217
0.917665
15.357103
26.807020
26.814426
11.010127
25.600965
5.016026
55.111477
70.563721
66.051758
47.328716
49.190834
37.216179
24.565203
44.695297
15.339920
55.384266
46.532715
3.592312
11.592388
69.615974
53.971031
63.666397
1.940969
9.107684
27.959900
54.372307
1.686737
33.226521
14.313155
38.102901
78.283798
48.816196
32.205692
12.181300
46.112129
35.846172
78.690468
5.974878
63.826874
77.494621
67.026718
68.741806
30.100775
2.529429
48.546593
74.398987
59.363235
36.113998
43.902298
78.601395
21.036465
17.316389
73.106415
66.731926
56.670914
17.299225
59.628807
27.784531
4.183758
20.914717
36.953156
2.341280
46.654434
54.428909
0.917539
1.569169
53.336990
12.023513
1.812122
41.406769
61.667049
58.408405
56.065773
47.676079
2.702575
24.320938
53.019962
13.175330
51.055668
0.645213
58.227230
31.501476
44.667458
50.977135
34.034527
77.504890
65.633102
61.176643
21.927635
69.481796
65.288269
45.356956
76.330322
0.692986
52.576241
50.630733
62.759064
48.854523
67.494423
9.808971
0.814696
71.416183
49.946671
42.654064
43.747166
51.969963
75.134140
73.102875
39.806297
58.629890
30.932470
4.829041
64.289337
17.664228
52.695610
70.965790
68.202171
57.632183
56.896496
11.347590
12.304249
57.561565
33.983658
2.017104
69.308365
15.445565
71.768555
1.636505
64.787346
0.702199
8.229576
67.660782
3.216228
78.360466
66.708221
58.381401
47.684479
65.658768
48.577553
59.646027
11.174236
54.595177
42.129517
50.040607
48.847675
52.136150
55.014786
33.315849
0.830504
76.182358
67.826126
68.151337
41.937626
45.128174
32.859409
32.744621
49.676170
69.476189
45.059952
74.465256
28.366432
16.336580
23.263870
29.855614
78.374474
36.953156
55.987373
26.061840
73.861855
70.840164
79.270416
5.822216
58.358727
67.953194
77.921448
70.783752
49.753757
64.498001
6.706251
47.435425
50.604080
32.975197
49.383278
55.140778
79.169907
14.014772
54.575806
39.173462
58.482185
24.064114
67.514084
66.431274
64.688980
28.115345
75.807198
47.575111
38.593357
2.415078
79.200073
5.840515
3.517070
48.366341
53.383163
45.211891
45.022057
58.509628
11.896027
57.435596
12.145140
13.666070
56.233368
