56.138748
25.415501
56.286518
42.876625
29.632412
50.288795
48.428978
20.494982
32.221729
20.320219
45.287834
22.921772
30.923954
47.682510
43.617004
69.882698
20.276356
29.950680
40.671127
38.305946
28.249540
39.783676
43.219494
32.804340
38.422527
22.128666
34.829575
32.475128
58.836266
20.026773
34.086575
49.300014
42.847420
46.164104
31.838398
30.700043
49.153805
57.790318
31.483877
64.458862
23.745848
41.156075
49.000786
34.434166
20.100576
22.139822
77.207924
35.767323
22.378963
33.830151
28.148510
42.078537
43.606682
32.714092
91.091949
65.892181
72.765396
68.003525
49.768776
65.116470
44.137512
39.251045
44.023178
59.661758
27.548237
47.846985
23.849545
75.354118
25.859718
19.983757
54.598396
20.793505
21.604704
63.528126
42.416805
71.573334
61.184799
25.045961
56.449924
58.269806
30.194111
33.588028
45.052452
63.685566
40.351509
32.295532
69.276901
56.336624
61.762966
37.700684
23.105661
20.010185
55.043720
26.203239
39.180706
27.576113
46.367222
27.255686
53.747181
26.423338
44.230568
43.203461
51.036949
60.462914
21.027052
45.079422
34.126961
20.271812
23.113640
19.995991
34.309288
39.971664
64.009468
27.320755
32.516232
31.994442
83.693253
28.807510
77.713745
87.732445
27.349291
66.748421
90.144653
45.500488
24.693108
52.419395
36.811584
38.601433
60.080364
60.237316
27.446239
31.311327
19.987041
30.924932
29.255386
69.743668
64.043549
51.426659
32.187668
21.057478
57.491211
38.621822
45.433678
52.146091
51.353134
81.733917
35.411907
77.032959
35.912853
49.287682
54.606010
34.766144
64.321793
87.914795
54.868450
31.336771
52.780079
24.759008
30.610207
38.380157
27.940521
30.540743
66.829346
72.042633
21.686171
43.658279
53.829906
32.064552
21.255219
61.902603
20.531946
40.090012
34.836502
29.486626
22.847969
48.535507
34.793159
34.893448
32.964523
61.444401
36.208694
41.168190
49.922768
63.633167
48.572304
26.004885
100.876579
30.685295
42.458172
41.578529
33.696518
36.091484
38.794765
25.230639
20.271812
61.733719
22.752089
25.941414
38.266190
43.108624
79.940094
43.138863
45.093098
21.867065
54.596786
38.892223
43.175766
34.483543
44.576733
26.274630
62.785213
77.851807
25.301113
27.674294
21.061653
30.563576
35.065666
50.957237
23.916872
54.882149
26.850002
26.772621
44.064407
33.092587
45.112209
68.190231
31.710518
37.770798
53.326221
64.016266
58.700779
20.245766
22.506815
59.042046
27.841478
70.948303
64.375488
59.279179
94.544334
36.448555
43.938828
53.754250
75.521744
87.710487
83.769730
78.702133
25.990465
41.021931
38.087017
56.169456
48.580856
19.990326
20.259350
20.116949
40.395641
29.860273
21.170841
34.923454
31.210154
55.189468
34.201496
87.746239
29.667313
58.722881
48.421181
33.411636
24.642759
22.031504
50.672241
25.142321
43.126888
39.592060
37.168640
25.147972
59.213924
27.329184
45.780865
28.040895
74.009323
46.585663
46.282005
74.372452
63.223839
38.720810
55.879463
59.799118
24.981318
21.827131
57.033047
28.087250
67.374512
67.077621
62.599834
34.545959
20.396429
23.113968
57.740643
39.585556
34.288502
50.024391
31.519993
36.139740
32.944786
28.998821
62.974308
57.703972
64.001907
40.869770
30.381563
46.150955
20.695633
24.016079
31.648502
57.742218
54.163189
30.281681
39.799301
39.947006
21.260761
35.423523
122.323387
27.346716
46.530918
63.886433
59.142693
65.377777
23.417999
43.676270
21.212513
80.975479
63.300625
61.431633
25.775461
60.844048
35.302681
60.821499
65.555389
20.662516
23.279392
24.568819
85.320175
63.014706
68.531647
84.580406
22.545410
41.670036
26.274597
21.401592
26.943554
27.947922
30.519035
74.121971
24.679474
43.004692
61.620941
35.594967
28.511700
22.326481
24.279390
65.859482
34.080982
43.066391
47.437531
52.251568
59.003525
33.023705
20.268255
37.483074
56.599930
48.841534
47.103691
26.425806
21.138687
20.604286
31.152897
22.942287
24.244156
25.124062
25.731430
26.836666
62.609131
110.038094
71.192413
34.559254
27.216135
34.905243
78.355804
71.741119
37.181114
34.193729
63.179234
44.404518
27.704174
35.207329
61.483074
51.414581
36.264080
57.009487
22.907379
55.648739
25.167963
46.242264
74.931854
57.458706
31.232655
47.297470
24.161535
71.800346
72.785309
46.491318
45.829628
31.356895
77.905914
27.420074
20.590925
32.540310
23.273745
20.568493
42.914764
37.440582
39.705284
37.185043
21.730408
33.897869
79.216270
29.427483
42.674126
37.379887
31.855083
61.155502
21.289709
24.594795
40.759762
36.116524
51.912350
20.095261
40.675320
82.000168
57.943695
39.467815
73.312790
55.491367
49.597820
21.523346
45.401154
69.695862
40.917236
40.979900
57.815624
42.082920
33.687977
61.775909
51.568012
50.681618
68.382050
28.971401
34.765411
42.395859
73.165222
19.996035
38.009865
34.352486
31.578102
42.009159
60.694389
27.124407
21.266481
20.000069
58.081974
24.929668
37.248215
58.602757
63.812565
84.699013
47.916214
21.180607
28.838470
42.212036
64.015732
89.065155
32.444855
25.926022
23.146061
31.306404
49.601894
77.563538
45.847042
52.505020
32.933727
66.197983
40.679237
42.411057
22.031479
20.123489
70.339172
23.738235
27.721161
38.382118
27.824978
61.052605
22.740265
35.711910
50.484837
66.119797
65.428574
21.975290
36.280495
25.368372
31.005005
57.434853
21.931057
44.707642
31.491680
41.600624
26.700981
34.119526
56.820141
71.453835
20.144663
47.632812
39.013580
24.364290
25.051823
39.197807
42.221184
53.888901
27.547512
20.142191
21.110216
24.726482
45.924271
47.735214
31.593637
32.154285
41.834663
44.283855
51.555061
69.941292
24.132004
20.223621
39.143543
56.703133
40.778915
27.854078
47.560581
38.647499
46.539005
39.342323
30.055004
57.463787
22.644741
24.945589
20.833870
59.522011
81.675819
19.990078
48.958771
37.311928
52.776314
28.824221
36.684631
69.477875
53.762131
25.377876
23.194691
20.965279
56.189426
42.397892
28.141705
39.350021
55.515434
36.616737
43.174721
49.047020
24.463686
30.601234
34.935669
28.096653
63.423332
24.003740
26.711752
25.113529
33.038147
46.122013
31.706459
65.832764
30.814596
25.176218
42.028011
23.217258
48.277725
30.230753
37.308872
43.605835
67.506104
51.996666
47.904358
35.452366
66.225853
42.733143
73.150848
33.687046
29.846600
24.561485
45.014000
24.487093
46.552876
32.591961
43.454651
70.348862
45.564789
19.986017
26.871811
55.659813
43.411148
60.994907
52.809654
21.429825
38.187782
47.100018
20.780300
42.528957
46.011650
20.060753
31.072861
72.687775
54.512672
29.352283
36.634209
20.050327
27.653555
21.278891
34.433361
37.586201
48.164822
64.781487
32.862350
24.889156
25.421124
20.955675
54.378849
22.299784
65.377899
51.516521
22.265228
58.693642
34.335762
20.560869
32.402828
63.776604
20.673737
45.409409
68.257111
22.240137
34.350410
71.509132
49.907242
44.629799
31.174873
34.551025
65.306961
137.964294
27.024315
37.278496
26.694321
22.714512
20.434748
48.959206
22.023846
53.084778
55.379543
49.454758
73.507187
27.643219
94.595268
24.431602
77.859863
44.267925
37.300468
60.042614
25.796610
53.486420
19.986639
77.800171
48.576126
30.454407
84.105545
39.676376
24.884552
25.608044
33.622734
75.156693
45.291954
49.460243
35.752972
41.623264
99.312607
27.220430
67.472092
24.031887
31.760433
182.376099
34.750771
49.819458
28.427711
23.429234
24.945589
51.279770
62.697979
56.331936
54.512672
20.382397
35.580029
60.940170
42.140919
27.031048
20.364658
59.283836
55.160179
47.311325
22.008427
87.703331
48.067413
20.119110
85.185890
65.377037
35.279945
37.092274
47.228653
27.277874
32.287281
45.728905
40.023491
39.519478
42.770992
27.514832
78.803391
31.452017
45.625206
44.032623
31.799305
35.797497
22.834520
22.595661
45.873367
38.896065
37.102066
33.785164
36.107178
73.468414
40.933628
44.409103
25.125629
64.258469
28.140026
34.021290
38.745842
24.144829
28.052397
40.876083
30.601322
63.061928
43.318878
24.020311
38.984108
61.667698
61.210121
21.873077
60.374004
60.149395
72.434250
28.589735
36.111420
32.568443
66.381920
76.259995
70.753288
23.988995
31.557178
59.236855
31.474758
56.027283
52.356335
78.921318
37.666096
35.400455
61.617455
56.162483
29.983879
20.139515
44.767296
69.735374
21.349134
27.924030
41.150253
48.391838
33.856304
21.365072
48.326218
54.651859
63.728611
20.425648
36.157345
31.686382
37.058601
62.801220
30.286522
105.031723
47.419518
72.424759
41.158836
42.766083
76.109085
66.380600
25.569754
37.204735
47.836563
73.691002
24.536928
53.041733
44.268585
51.569817
70.241364
39.653099
40.981480
28.940056
49.331192
53.866993
20.913406
59.800678
26.983486
40.395348
44.410400
36.181572
30.070509
49.095173
19.992184
43.768738
37.612007
36.291878
58.639194
25.980940
56.485241
38.580338
23.705132
71.737022
54.819057
69.286072
31.658598
28.589184
77.424286
61.949192
37.087055
27.702883
53.588142
22.637310
66.777153
44.061447
20.250141
32.501602
42.733147
26.691061
21.904745
36.846138
45.621902
45.970776
59.310600
44.380501
42.196682
54.559265
37.219200
28.234505
20.967508
51.909397
23.165405
38.031590
61.115353
29.380259
60.775280
56.685371
50.551743
63.684902
38.823040
38.328854
53.867126
32.595085
51.061367
51.816719
44.677391
63.994553
59.659191
60.226292
46.839520
37.253414
66.226952
26.667509
25.886293
31.493395
33.353188
38.994644
23.041620
26.707008
82.862579
38.259377
92.200417
21.879440
49.228348
71.032990
67.321854
53.141598
41.041031
71.276016
62.187031
42.080223
53.083775
42.091740
42.019402
39.636967
32.370079
48.786507
50.457363
58.726131
42.808174
20.363628
64.516815
80.482681
71.893677
47.891331
26.418863
25.946774
22.384634
50.421967
25.596132
25.610325
36.156273
69.597717
63.429443
58.896732
33.488022
46.782135
22.979458
40.022465
31.239361
21.002869
29.043045
25.129841
44.523582
32.176697
52.422600
20.636734
22.894831
28.615986
36.108288
61.276917
32.746590
68.874641
83.488052
31.414322
45.139061
55.440384
78.351784
32.050797
27.668400
25.282450
84.259064
33.163734
59.482307
22.545389
22.092754
21.180431
26.972290
46.637688
26.694677
59.915863
39.117775
82.572800
32.866623
29.735989
38.093819
50.655334
20.853270
88.393227
59.941051
82.090141
60.140388
60.161510
42.884182
26.195309
30.496206
25.016947
26.326027
29.455498
37.445320
45.774803
53.698238
61.995800
47.646400
41.593128
21.776453
62.721981
39.950684
38.361168
72.260933
63.811378
43.199600
65.442490
27.755379
55.900997
21.683983
23.572920
30.440159
22.532249
55.251953
21.825144
63.499626
20.180195
51.870880
29.800312
61.242390
58.978058
30.840111
51.645672
37.110291
50.576138
137.964294
29.346676
44.805283
32.445499
54.731251
72.062119
34.029846
20.002243
53.871597
53.305492
41.403030
44.846977
67.496246
31.542393
57.682915
20.098896
52.752350
73.357224
43.387650
49.115036
77.398399
40.215919
35.986443
55.064167
50.147598
37.417019
30.360058
33.820045
71.646545
34.550003
70.555870
32.873375
72.392555
47.578644
32.083328
101.179932
22.634964
22.335936
21.683983
27.658209
61.960346
45.359772
57.326729
38.267265
22.714512
35.916443
55.780918
32.537178
44.087379
43.523949
65.435089
33.701454
57.822189
61.727512
24.766548
28.587566
39.086529
39.537498
34.478390
55.531982
45.948936
36.262432
26.460499
52.077282
66.863350
30.516748
33.821415
40.494167
57.114349
52.561543
35.425545
34.052513
62.914623
27.943588
33.122574
33.249641
41.953972
58.702946
22.697195
44.742714
44.141781
24.564621
20.241711
64.520294
52.471409
35.217716
44.651489
46.590271
72.526535
22.854694
22.679482
39.715874
22.505922
34.058361
62.204762
38.197178
51.926247
36.428116
65.375954
24.583008
75.062668
21.594337
60.090565
39.381298
38.798313
51.974945
70.113022
36.935455
22.615221
36.936329
20.833870
65.061867
53.664841
46.452400
35.199368
63.207527
55.303474
24.470428
61.690861
29.429197
23.443562
35.595356
28.753822
35.944115
35.660706
35.375923
45.144264
57.855080
31.706860
49.854332
49.571930
28.142405
36.908226
50.180439
60.131611
67.980217
34.150116
37.082527
31.466450
60.203743
23.403107
38.155823
37.555626
27.862953
25.032629
79.860794
51.346191
111.319458
53.138256
50.418541
66.835167
22.520309
19.987600
42.871624
27.141590
59.425343
23.145651
20.009039
21.221138
63.756943
47.872883
22.130199
56.492176
25.026260
61.904594
28.690708
78.981796
61.945168
42.562584
25.014235
50.589642
59.695911
33.868744
42.528847
50.835045
36.155903
37.747189
61.372471
25.779661
45.598953
56.382385
61.429974
71.084854
35.468727
56.869232
37.145348
30.962444
26.354361
38.700577
52.910988
20.039234
64.934769
78.064697
37.337341
72.504059
32.426998
77.219795
21.086124
115.553642
85.294792
39.460938
56.410007
72.988205
29.445992
33.239532
21.388729
23.831085
55.128689
27.343094
34.844696
20.532150
63.439121
22.261196
47.278229
40.854828
54.427128
31.013086
94.282242
49.287994
42.966091
37.948036
56.464699
20.492825
46.601009
26.665295
55.832104
33.083183
67.193268
49.550079
48.229229
35.162468
65.228775
56.497536
42.430878
35.983414
76.329819
51.325096
39.611629
38.235767
40.225464
31.814550
59.530422
55.397137
20.032692
50.701626
25.289646
39.854549
49.025604
50.788254
25.142027
31.636074
62.776730
23.604919
43.673172
74.084229
20.854391
70.770256
35.129959
29.319786
25.639799
89.291817
24.579199
31.833544
38.433075
46.104294
20.486219
82.419128
39.134701
67.007088
78.728203
36.110130
148.646637
38.958393
20.408813
51.376793
28.160872
20.451033
46.132751
50.432335
39.499020
21.164867
20.101402
32.657516
28.452805
27.995989
30.285618
34.596684
51.634087
32.707436
40.763680
25.000828
50.452187
22.966578
33.178841
64.662674
50.139004
39.505497
64.290741
41.816109
65.114388
46.785072
73.162567
39.015793
61.730057
46.040428
68.413620
20.487175
102.303764
30.755520
56.968300
20.515612
36.338310
22.613594
29.328842
53.432762
23.829874
28.323296
21.626160
26.711662
47.383305
21.521357
45.036983
32.521282
35.116070
61.023674
76.396072
47.406868
68.378799
31.119013
70.629562
28.438660
70.495407
21.475838
20.995329
44.112377
94.102119
68.117668
61.916149
35.589340
52.720211
46.877537
41.943336
35.560619
53.609901
42.433723
20.660242
54.809486
53.488785
43.304169
58.115009
60.594543
73.901909
29.859337
43.026810
51.342918
48.639206
36.843330
52.944450
20.294022
43.212059
43.440498
68.626457
35.045048
26.019249
31.618048
64.359650
56.280045
20.050434
72.034531
56.951736
28.002911
53.351624
20.010302
52.550358
22.693815
30.262043
61.389751
58.845699
68.361252
23.186430
28.987392
27.822920
45.653908
34.118736
61.343307
29.704866
32.588776
47.543919
19.990078
67.851578
44.991493
92.395096
48.374050
56.068401
21.115629
29.276787
37.657494
31.919590
45.160973
28.029018
57.322556
32.596550
34.031223
35.447884
60.735989
38.820435
31.492283
48.640717
76.604477
47.643822
49.998520
37.822056
144.196533
76.197327
54.945404
31.612232
40.569923
66.244263
50.667187
27.328455
46.880886
43.101013
54.329952
27.658571
45.891670
60.791813
36.080158
57.327667
54.680397
38.252388
29.929550
24.477579
73.678787
36.056694
33.582253
24.273575
22.595661
22.511999
52.194397
50.848038
19.996399
22.652370
23.073341
47.586815
56.893452
31.747425
40.470482
44.928970
28.843580
20.354906
31.941078
29.894445
70.840668
62.412605
19.986017
28.451696
32.543083
20.631191
36.341236
46.523815
24.682676
34.551949
43.377750
43.801743
32.307713
51.479858
19.983757
21.622143
41.603729
43.035290
30.549679
45.561722
39.546860
27.857412
39.885323
36.734192
43.526283
24.061783
30.535875
76.287392
24.081490
26.198114
37.737171
60.807526
34.086159
27.487694
40.863358
49.808647
87.627800
36.346870
54.738533
37.530777
27.697817
53.314751
49.062992
22.060005
88.797249
38.180088
78.682121
21.908607
28.197319
50.345291
40.387394
38.112854
59.116165
39.172958
20.900513
78.974022
41.093231
65.235825
59.560951
52.099796
35.439487
62.400902
57.991711
62.714142
36.586113
46.679161
58.284092
29.900045
22.804213
54.573124
37.175934
66.582413
46.542496
69.728256
53.264889
20.011496
59.900272
39.283257
52.374847
49.494186
49.804688
48.908516
26.697697
55.416840
33.113518
23.463306
51.556892
21.234264
22.781322
39.939224
70.674286
20.137276
22.156502
40.886345
73.201775
26.291956
53.509380
47.570374
40.627380
22.792194
37.860565
61.144066
41.816566
38.025604
113.441383
42.189178
54.998810
44.330597
61.636780
57.782169
19.995991
72.719070
20.785578
53.986794
72.122910
74.833160
92.911499
50.576138
56.696907
57.119747
37.658127
65.010010
60.369270
37.143974
68.035004
25.431995
39.683571
37.643372
25.167963
57.880108
27.628733
27.952684
21.268812
79.501236
44.806782
47.168716
35.923119
66.654419
36.431057
53.861404
42.541615
44.600105
37.381111
22.301664
77.799057
61.816822
28.500324
66.210190
30.261583
38.129700
26.093979
29.362785
34.782402
44.192432
20.025747
60.871059
68.495514
29.223892
60.354881
72.726158
71.744797
53.730209
29.517597
64.459923
28.493202
64.945633
65.367874
36.346069
52.733410
48.150558
21.956110
22.880751
23.194691
22.277721
59.858192
30.609812
43.141159
28.548710
49.660126
61.392990
54.470898
20.813370
35.373074
93.202332
60.967445
44.971046
24.185686
37.961639
50.272743
55.077801
26.930622
27.317060
67.041153
41.230869
20.550499
74.658798
54.031013
29.028816
23.593447
26.560423
87.513390
37.364407
47.671631
24.916039
20.049910
45.588593
46.292107
20.439432
44.736130
61.864662
74.644478
42.060528
44.553673
34.166618
88.994690
47.198257
63.083340
26.667084
60.798862
39.891510
44.182899
19.993425
55.640583
58.322536
51.149044
33.948235
63.272697
48.844589
23.369936
43.977009
20.120516
25.475853
34.867214
66.397644
73.740967
20.845127
78.470009
59.650284
70.890518
20.276356
63.816765
46.888519
35.202858
53.045597
61.885551
38.694580
41.690857
52.267075
44.928257
49.494476
21.554510
55.499878
20.874243
60.253937
23.423103
41.560665
53.152000
33.941963
68.382050
50.427010
29.256336
38.936127
21.027052
35.427143
60.035080
30.009451
37.790619
20.814827
79.908005
60.439228
61.800644
50.125889
30.677412
25.808163
50.860840
57.039040
41.993114
48.210129
54.075520
46.600933
38.729256
124.806831
39.246475
24.298452
31.776585
35.489407
59.418079
29.255386
53.326653
21.025419
62.966969
20.039234
38.587566
71.756485
52.178738
24.086329
39.831253
50.298981
40.482887
50.594265
40.347172
35.588287
53.390541
27.564674
52.910347
74.479904
66.464752
32.989914
62.921154
60.456779
40.841637
31.426931
54.267651
32.025551
37.902519
20.011496
20.147163
21.061062
27.780109
57.629295
38.474632
41.561310
33.222126
32.804298
24.807255
78.282562
21.994240
30.989254
29.249622
22.367086
59.694298
24.800913
73.263161
52.632381
25.261395
31.871433
33.397270
42.871384
138.627228
50.759613
68.501297
42.463272
75.336784
20.266600
29.645136
42.180428
75.428337
20.425280
47.568253
48.747177
27.380272
65.720467
56.308601
92.438301
56.893887
77.090607
36.853622
87.574631
70.191376
20.312204
20.147982
48.952908
58.252132
32.129433
22.711052
23.442326
38.465027
57.945156
26.756369
35.979259
93.202332
34.998783
65.215973
20.149675
51.218582
39.343842
46.203003
20.924789
43.178860
73.197372
86.561745
87.794044
45.693874
25.774496
122.265831
21.044336
36.773003
71.788895
57.666138
61.511795
44.555592
43.491440
61.213371
64.965881
30.540110
45.041409
67.041969
78.744736
38.720810
35.659470
81.882767
53.302105
21.044138
63.228592
70.226913
56.549187
70.628288
27.298693
26.566990
26.260468
41.371960
51.830505
42.415627
28.271538
25.385666
22.854694
53.999668
60.491306
86.405449
76.775826
20.552752
58.211407
51.538544
25.866880
39.209457
36.474297
47.848751
22.184427
51.389229
39.965061
70.350281
38.563992
65.629356
22.660757
24.787846
50.705437
48.522781
36.637886
22.111176
35.553932
39.767399
25.727303
22.620617
50.594482
67.337692
35.901737
21.043385
62.108955
46.891163
24.533680
24.014721
49.947514
34.198448
38.288399
44.539909
31.681770
80.154961
32.333931
20.085272
71.969261
44.728081
31.110859
72.387550
66.630524
34.869255
22.743324
29.399387
78.128876
43.481861
29.456020
31.359629
32.689625
20.865404
83.724442
34.945457
48.412201
25.872101
61.228577
62.948757
61.622917
32.046070
49.332314
59.419540
67.326828
28.674736
42.593262
32.487675
30.718105
56.037376
20.925743
45.496643
50.731735
23.322767
49.623672
53.654545
37.735397
60.016003
27.508167
62.237411
36.024078
21.770416
64.930573
43.317169
20.027281
43.105972
34.247406
55.288391
65.728729
69.974113
50.382946
30.038622
44.809204
29.971510
20.012434
59.590614
20.358757
36.040344
84.212318
57.308575
24.173256
52.921051
43.258057
23.871912
48.514008
42.923668
27.306553
74.500145
19.983757
63.472267
48.080021
72.848213
35.892597
23.554083
27.058275
86.170692
36.346188
23.612967
21.781349
33.067314
57.993664
21.086063
52.387623
85.865784
64.218796
39.549961
36.166439
34.750336
62.544437
38.008450
65.026375
34.214733
38.801338
60.681252
64.180832
28.468407
61.210190
24.315994
59.990192
59.075230
24.291832
38.151726
56.660934
32.870041
56.928394
21.224817
28.724648
41.986862
74.114540
42.431293
32.670235
70.295975
59.179604
47.419022
38.786819
20.351213
32.458492
98.656189
57.316833
31.196260
20.983130
44.207783
45.168060
60.568256
44.469925
24.907238
33.584435
48.769722
36.807922
22.283588
59.122105
24.963337
40.688766
49.250641
56.551723
44.242527
21.519819
70.061317
31.182701
42.905983
19.995991
24.902367
49.799850
70.751740
55.254429
63.326336
52.789963
38.192734
54.970608
61.521515
65.104584
29.579628
44.925026
20.032692
44.242527
59.880898
63.868446
75.769806
38.282158
43.085239
28.232758
80.251892
65.646286
27.563801
25.223711
20.034725
64.308281
41.210339
25.320984
71.084488
70.036179
22.078218
42.275517
51.163078
53.052578
63.983917
73.492767
41.699669
70.712128
41.332066
68.484116
27.978195
23.719095
20.662516
21.906202
29.456095
43.156376
29.508959
20.927956
23.368919
45.235443
28.321081
22.721081
61.218933
60.731556
43.254906
22.284016
26.663910
61.427551
22.244226
29.351337
24.259216
57.102543
25.017536
49.845680
28.744480
24.673279
24.364721
23.118025
34.025021
21.606979
53.292503
53.555912
20.124397
26.650505
40.841938
37.467377
79.835464
23.841133
35.805161
33.665745
26.723354
68.827148
50.928642
54.957344
41.080467
95.571167
26.368038
51.812904
62.577343
75.904198
54.381954
62.965343
20.546988
84.042191
25.621283
56.161484
49.644066
47.121857
24.788750
36.936329
26.767551
52.953236
73.353165
41.121254
61.131966
66.983818
43.961731
24.619572
33.456047
78.482391
27.517504
56.077618
39.687283
33.259518
36.535301
36.508636
28.130718
23.705132
50.980564
49.339493
28.727324
21.463022
43.932701
59.984318
51.505234
68.456802
38.901169
46.962444
40.636387
50.135021
26.340611
25.051456
72.034828
41.474548
30.407818
49.984615
20.211542
40.197273
22.870958
37.997101
61.949005
20.147982
20.011496
71.706924
26.260107
67.576080
64.724976
36.451580
45.862904
20.241711
42.078060
38.484276
56.225243
27.552254
19.987198
20.766228
53.900822
21.437056
50.964092
32.918930
51.875481
28.464354
33.147469
22.714512
67.145584
57.156261
36.726353
49.879215
52.089165
37.475945
39.566238
20.895998
29.619961
56.086842
54.473953
32.521935
30.846069
20.963774
41.152309
42.627731
34.212112
41.103104
27.635975
51.436699
25.859558
64.903748
148.646637
32.451168
70.371765
37.451401
68.799416
25.473097
42.316151
43.410316
78.948761
46.860237
70.521729
43.100567
36.671913
23.020252
34.345226
47.074230
45.762527
21.135803
20.854391
52.803566
30.487646
32.408409
91.372574
31.208466
43.069210
36.771172
61.238857
93.691528
48.391171
21.001055
86.231956
38.514290
53.888901
61.320530
35.078220
32.335968
56.897736
73.356186
21.293745
44.757404
20.302353
66.915161
63.180195
21.779612
34.360249
65.813797
47.135506
60.527763
56.960472
70.348396
24.757528
55.232807
52.989807
20.034725
45.469009
76.984268
71.878441
62.168545
31.985369
31.168776
68.741951
36.196495
41.236008
20.312204
26.069483
44.327438
42.210487
21.250109
53.006554
23.252069
51.098351
41.623558
80.019974
74.624863
31.023045
30.642950
22.316769
23.429234
53.016014
24.179249
33.211590
38.086594
63.439411
24.477579
42.947937
90.745140
31.084297
72.636261
43.636002
32.475128
45.364407
22.391956
40.308105
22.104519
65.769432
73.564011
57.315407
35.233391
46.329002
71.844315
26.850454
31.251366
30.463415
20.161346
53.698856
80.105087
31.431507
37.995480
94.413155
25.192169
38.904106
45.778641
53.552429
39.628887
73.045609
37.021908
65.498764
25.029755
50.191208
30.624060
35.447243
32.586315
30.793575
27.146633
29.825157
22.505449
48.729675
67.158020
25.750101
32.546993
29.339172
24.098478
40.359123
25.292540
31.681770
70.134445
31.712843
25.988205
58.428093
20.002249
21.804260
45.275532
68.563141
56.637436
29.904633
58.779037
53.699909
29.362926
31.493395
43.502457
56.088593
62.975380
66.296631
43.029518
28.175117
29.214157
35.932060
42.139473
27.405827
38.283165
35.106956
23.722878
32.032005
20.051714
45.929604
22.764912
36.008026
45.860981
40.286095
49.407879
21.975935
42.935371
25.016947
20.550499
21.045832
61.349003
25.368113
28.993818
62.040977
30.595325
43.996750
43.415932
34.309509
21.351303
32.167278
57.937668
49.474674
30.196373
27.184807
74.251160
47.545322
65.556900
23.177345
25.900818
37.810196
30.612879
21.190842
70.162994
31.156328
74.457184
22.694180
52.440617
46.011917
58.569592
40.826820
48.026329
69.720901
35.925301
38.337242
30.909210
52.743721
33.350410
23.743082
49.242989
30.237045
56.633663
66.567413
49.335823
23.076921
27.648586
54.512672
20.451033
86.415344
20.993490
20.959507
48.663921
40.406834
29.968834
51.925217
47.864742
42.064995
37.818069
52.422779
32.617691
46.881809
52.413822
44.114159
35.926723
19.990536
25.532682
63.953999
31.799305
71.495651
24.993692
44.484802
22.765976
64.674927
54.781990
44.720577
43.814133
49.492897
71.388573
34.389450
20.366930
31.933271
35.895626
28.334389
29.354748
25.842937
66.706146
41.331264
51.275757
61.678368
33.214386
40.745373
35.086720
44.849327
32.675182
25.618568
58.157661
60.330036
20.726299
62.359058
20.137276
40.990608
29.228806
42.580750
34.006008
51.027328
33.092850
51.237720
55.413239
32.504963
83.137253
51.605175
76.944695
21.097504
33.839329
45.132690
39.410473
30.457817
50.490753
32.125603
31.095676
67.821259
31.844696
126.744804
32.299393
110.510971
42.219925
43.826530
22.601562
53.704094
21.420261
22.539845
33.577328
47.574024
38.770660
49.120590
58.746777
52.590282
62.054840
27.486340
32.270798
53.973251
39.991959
32.302147
22.287851
40.556259
33.864021
51.425682
78.382584
66.769363
23.772064
21.613096
51.497204
66.585571
49.862831
21.566080
47.378754
42.052765
22.770601
74.484047
61.501343
48.207283
57.067547
77.716362
52.249714
51.281574
22.100752
21.061790
57.086693
38.560005
86.025993
32.152096
31.581478
22.917931
22.958883
