69.852158
16.071150
61.603256
34.689278
20.938692
81.501724
54.466263
2.319893
30.619694
8.167606
46.036430
15.704201
45.457886
45.198265
55.017471
6.476790
5.563294
40.337673
54.885628
42.762222
22.096615
38.578205
52.956589
26.299789
33.052654
4.604380
46.278320
28.903223
72.903931
-0.384091
18.399460
79.486649
58.835297
58.143623
44.995392
39.432014
68.950249
59.604366
40.930229
48.134258
41.867077
36.636948
61.029404
26.702423
3.255113
0.380880
89.141541
28.456842
2.934790
43.751732
14.853133
36.652336
33.050995
22.507381
81.244110
75.860229
87.286270
72.251282
60.860397
84.565292
41.310474
39.834232
46.717857
61.225132
27.460716
46.624184
9.840191
48.364120
16.737799
0.449974
74.712135
6.048042
3.147369
51.851017
57.272583
88.981995
49.177994
11.504666
58.033188
83.233368
18.610323
35.288399
17.214138
8.300899
58.132069
16.589100
65.117401
62.614269
34.093155
54.570274
8.838654
0.810983
61.366585
16.633390
51.061646
35.620220
58.362839
12.504462
67.480286
16.334595
15.048539
67.037254
27.798429
60.102070
12.190006
1.336309
36.179745
-0.160819
12.862046
12.097540
21.035797
50.816921
64.728119
10.918835
49.171600
47.369640
84.756271
27.171768
61.626686
59.465618
34.398399
49.429497
61.625900
29.139244
22.127106
54.986046
29.809095
33.427998
61.001461
60.699276
16.984669
2.859396
-0.213811
19.959799
17.733664
73.385178
77.982788
58.802147
23.991955
10.950950
60.797127
38.622963
56.974365
29.378681
61.980286
30.864376
44.441269
59.569859
28.292526
39.100300
61.622849
49.178013
81.729553
49.179150
54.483368
28.406843
71.822235
-0.107629
23.373524
35.802036
36.174320
41.308826
81.747925
61.601814
5.241359
63.884239
52.715218
35.791927
4.258848
74.429756
11.502205
66.017471
52.890827
42.647255
17.330038
44.417130
44.934044
50.712624
47.038113
79.773834
35.470776
36.425312
54.511688
77.218613
24.878654
42.995853
40.007256
23.830879
32.105042
50.940094
48.525715
44.192070
31.421955
34.176414
-0.160819
60.449150
8.270404
11.232405
43.611797
48.175362
54.666954
41.283043
43.853363
5.644330
68.361511
31.589682
53.784069
31.264917
63.083847
15.569512
70.257645
61.626266
41.307720
36.545029
16.581467
43.880547
45.661690
59.719097
43.123356
41.647709
19.908207
3.712676
64.666107
48.211739
48.082733
46.692802
33.939686
54.987198
40.885712
59.091545
72.622765
1.213480
0.219076
78.348541
19.034081
73.094246
61.595806
61.593803
90.480484
49.242397
39.505890
61.596771
84.189835
37.875977
51.236614
61.463322
12.715003
37.839310
25.911749
54.597389
62.675232
0.065027
5.873072
-0.168213
0.929382
33.130562
12.924044
19.230448
47.616600
60.090843
56.679352
61.625504
20.409229
78.824982
54.928677
0.175803
15.070270
1.040953
43.114048
19.882828
40.798603
45.005043
30.091763
19.349377
82.221130
10.971844
59.367653
42.927635
61.572483
61.330399
57.045883
51.811195
48.668461
38.743000
71.726974
61.567345
29.606899
1.667815
40.855408
13.456199
75.040817
53.578842
74.545303
53.365479
22.859776
7.662330
64.901253
51.212936
53.522003
74.008926
25.913990
48.292133
43.472534
37.406246
66.522636
57.842667
61.623497
44.494846
34.053856
60.954292
3.064781
18.824350
30.170383
18.392984
63.812038
45.308975
36.457153
36.550865
6.701509
43.837986
35.536156
32.592602
73.943619
57.208012
52.136543
61.619526
17.564365
57.105022
18.501959
80.822060
18.367714
67.843590
14.366118
46.139637
9.423289
57.167885
76.788681
0.013480
9.521845
9.076583
87.940796
77.742241
33.810539
61.620804
18.699306
50.885864
7.489973
16.295938
37.558998
20.833410
53.445778
66.294556
13.386578
63.454346
60.970207
54.946712
38.067589
4.509898
33.212925
51.381298
47.941971
49.106514
59.049000
43.301590
60.981499
31.429771
4.488544
46.129360
40.550220
75.769173
60.831001
26.000874
10.554420
13.268632
47.337837
0.639482
21.584381
19.964472
22.645187
27.297880
50.226166
22.178656
61.592682
49.177956
41.038132
38.724251
61.413010
61.582008
32.493229
31.120699
61.596710
61.105026
28.448383
43.230690
72.936371
67.356354
20.242170
44.280159
8.006067
64.544250
15.868933
68.211670
32.154701
61.546494
32.490585
49.111305
0.128730
70.771957
82.106400
60.260445
48.353638
47.019310
61.338966
34.196609
6.550543
38.960655
10.752458
0.216309
40.128887
57.990887
44.501335
56.901787
11.855279
47.840637
80.682953
31.275179
61.312210
50.371994
1.849250
57.385960
-0.238445
29.775644
40.248432
16.585697
54.540062
-0.348274
39.243443
76.180756
53.816124
58.503613
82.047401
61.610939
73.495209
5.845237
73.413666
61.625053
64.772079
44.591553
49.879765
56.002357
48.162453
61.384880
61.653008
63.403629
28.597626
0.318659
42.519569
18.818830
61.519867
-0.315479
51.189358
25.930227
42.387402
58.197632
72.373215
9.956295
2.874897
12.110045
72.392456
9.792924
23.435604
70.897812
21.076290
61.623283
44.557808
29.033020
36.831673
53.344902
74.996399
61.626610
27.383953
40.311951
9.135912
41.962708
61.564873
61.614647
29.801657
56.591286
24.126465
68.772751
50.642521
40.014141
7.001474
11.998061
75.295143
13.913724
13.373628
42.361343
33.757931
82.239563
7.725805
52.433266
37.633121
72.978851
61.112690
6.063192
30.086197
19.291618
28.593876
56.666138
11.287023
41.718651
25.404144
52.525105
0.076788
43.210693
60.391148
61.605972
-0.300759
53.325111
48.543915
30.365507
25.840839
58.715870
41.756176
30.860291
24.452749
1.095891
13.393556
14.769809
26.947676
67.504211
40.207672
30.801437
0.993147
42.760696
61.102901
75.180016
19.289663
-0.358105
37.294224
48.378536
59.355633
34.323051
59.517220
29.611504
52.396690
39.632927
13.100482
31.668755
7.261096
0.033477
0.233565
68.753258
20.940706
-0.275109
65.230118
50.672546
72.481628
18.562946
43.858444
61.535324
58.907162
22.040644
18.462427
3.776908
10.859509
9.242802
1.791870
34.394794
77.701111
6.101299
39.251900
49.430908
11.825781
42.369301
29.204044
39.999100
75.947205
15.701216
23.059364
2.691093
27.049902
43.360722
41.772076
60.949146
26.081642
18.037693
40.739693
7.722181
56.569962
24.575741
34.850533
10.145623
79.619019
70.955040
28.085569
42.994576
61.613861
73.956863
61.620178
29.947002
20.066895
9.582603
41.997330
12.127383
70.348816
3.248725
67.485046
79.374420
61.245872
0.037392
18.238111
77.722984
61.273460
58.301346
18.730602
19.794044
31.990429
60.807068
3.412103
53.195053
34.234257
0.992979
24.893650
87.145859
46.831779
23.438332
43.820255
-0.207784
42.823505
12.236653
40.011089
43.691647
56.305397
61.406586
22.451408
12.574346
3.044985
3.448472
60.126534
9.582576
82.597672
57.405357
6.968983
61.602097
43.769363
11.968145
55.944717
59.604034
2.546157
60.325954
65.333557
21.367479
39.617073
76.032104
61.537643
58.891205
36.325195
0.235697
77.167221
53.056503
36.242283
45.232525
6.259123
6.974393
0.002762
64.160255
1.677992
60.026447
66.512642
77.811501
61.621639
1.373957
61.626862
35.147148
61.608353
8.814103
33.126457
45.014687
39.723831
76.817184
-0.384908
61.607964
57.859825
12.290676
84.848907
45.286819
16.166710
13.206934
9.072097
73.854584
55.596195
48.342354
11.319102
32.932148
37.065361
21.405544
60.620022
7.363999
49.245087
61.626877
11.306478
70.448845
11.278098
19.494144
0.033477
42.469231
75.712570
71.870819
46.831779
12.122602
64.055206
75.380005
38.758369
33.089058
10.627265
71.742058
72.641861
66.781990
12.130187
26.304098
74.975098
11.746005
61.555866
70.759171
18.276648
33.127090
51.994587
14.819014
30.328726
56.060940
31.828705
46.221001
42.390984
21.033155
61.609848
24.513315
56.653091
66.643723
19.768902
36.409943
8.464853
-0.100546
60.752018
10.885179
29.190720
43.277473
56.444794
69.973450
26.332142
46.972443
2.859870
66.961189
22.478996
25.244591
58.460579
14.193067
16.118822
52.320957
15.809156
55.462788
39.937328
13.318230
60.591274
69.304260
61.151375
6.833045
70.027885
70.591125
61.607605
18.205750
41.435356
42.568127
72.627930
70.070122
61.622253
12.150583
37.988079
74.280991
62.893135
66.503235
70.301971
61.625252
31.347702
33.092060
29.493607
59.700283
0.660291
4.126217
24.268528
56.828171
3.947812
45.913223
51.174240
36.653774
27.585121
6.308894
54.917027
37.972359
60.862637
0.817971
59.114689
43.102329
48.832390
70.182663
-0.009923
65.053375
55.846397
61.565323
28.296616
40.711857
61.391975
61.099091
21.711763
45.602818
30.122555
61.543621
10.957967
65.448044
30.585543
57.065979
85.161331
60.579208
38.779388
0.360336
78.119591
75.337280
12.522534
21.752655
13.895755
45.809067
60.832344
51.115509
43.834709
50.744644
-0.239301
57.176468
59.345020
57.744858
60.730629
18.482445
72.789749
37.815792
-0.119118
61.597603
62.664734
78.416824
24.711309
53.019096
61.606918
73.331070
35.217903
23.443104
55.236465
10.517390
15.661163
41.442543
0.269756
33.249523
41.997288
20.447874
8.142393
62.627548
68.228073
44.457695
36.485798
57.456566
47.907028
61.356842
36.711456
49.513466
21.338701
75.096825
0.376487
58.210564
79.190277
16.617504
51.802258
67.365372
71.368744
83.486076
59.707493
51.545578
66.808937
20.873856
61.300461
66.426712
42.337555
74.000504
73.038673
75.784996
2.038254
52.062580
61.619339
44.481625
0.003729
12.306464
23.265345
67.618034
8.767226
19.699917
47.375999
51.307373
41.537544
5.973533
43.186825
62.262238
73.460846
64.509445
27.056805
60.147675
54.691292
18.259228
69.977463
43.339378
44.894768
37.963036
33.541569
34.165436
78.895081
78.632149
30.400520
4.875791
68.530289
61.458290
61.613258
45.904884
15.889647
26.833618
15.341906
58.889477
14.135730
17.265343
9.850090
59.045811
61.363045
58.156963
41.218864
73.607819
-0.340970
49.635601
36.773666
10.874444
9.306165
15.667044
72.820892
43.182159
70.288124
-0.310725
4.042411
6.048868
39.501137
72.717438
22.337055
61.625607
42.314289
38.538013
54.774345
73.371330
61.568741
51.680054
17.535545
23.418774
49.073242
45.488197
61.610367
9.605133
26.823881
1.769633
9.731203
64.583313
3.784896
69.061455
45.189472
61.624775
44.751801
21.532974
38.316250
60.517212
-0.346434
39.995110
71.156281
31.604826
42.238689
61.465839
50.559448
14.437409
36.635979
2.945980
42.004513
47.273491
22.677940
48.518196
59.792137
33.301636
62.557831
28.984406
4.531671
58.802803
49.788147
55.760365
61.222351
59.383118
50.451401
77.021149
11.234900
60.206928
2.338917
15.402828
34.371151
30.939404
61.626892
22.101870
59.063110
12.113377
75.893036
22.175064
69.708023
61.272106
38.411724
69.415573
53.566216
18.578352
53.056503
22.959623
51.804581
41.875565
61.158318
79.953926
25.746433
0.295704
38.466496
69.548424
57.602383
33.807159
61.568016
45.110214
80.973671
1.662978
60.088005
61.625923
55.889389
60.398033
68.386597
58.785194
30.259781
49.878139
54.291481
61.050480
31.627350
8.996638
61.623192
6.042135
60.870987
31.980225
61.625664
69.383301
15.851888
61.431816
8.198581
1.585888
2.338917
35.170418
47.928253
57.396965
60.511417
57.617592
7.810128
27.302944
70.679504
4.503542
41.560570
60.692768
75.444000
49.410217
61.250408
58.127586
22.768219
22.329100
34.093628
38.526203
31.015938
78.495132
30.104580
32.537418
4.029073
79.857239
60.158253
43.261333
37.674389
58.476723
58.510384
61.608353
31.055271
43.149120
82.983772
9.908593
25.076630
13.716075
61.142273
61.581413
9.725891
54.217758
58.349503
13.839962
1.378981
65.654411
17.079950
43.185890
74.016296
22.450222
76.769524
43.114044
26.922626
32.361595
9.841560
43.540108
82.631180
39.499622
46.274246
43.163166
76.193054
13.400338
61.622467
14.883399
45.603485
30.868456
30.562252
40.571571
60.889122
56.776917
10.998086
25.180706
0.233565
61.605347
61.418518
63.296978
47.563744
37.078888
65.350479
1.873588
71.744316
33.552624
9.562080
52.352608
31.175169
53.214497
53.844952
33.160812
58.015919
50.407669
19.874611
60.526329
73.757309
30.604006
29.442013
61.282791
61.084583
61.611542
28.822361
36.859619
41.721924
54.193634
8.406653
53.628983
46.443001
16.806650
13.413858
61.615379
53.938999
12.246881
59.375317
32.856777
82.349609
3.847387
-0.384624
61.034325
23.405838
72.195618
9.372875
0.031823
3.254556
61.619434
57.371620
19.019009
46.946918
24.329370
79.307175
15.819769
49.549133
61.444569
40.730125
16.581963
69.547104
77.857819
48.347790
58.980198
75.005035
44.078880
27.504505
61.593803
20.874327
27.271280
75.914062
49.566727
83.769913
17.228107
66.901321
34.956188
13.016066
20.494377
34.263798
67.935295
-0.356607
61.489902
73.106323
28.041428
61.625778
39.678078
78.579254
17.209332
51.840866
61.626892
22.645054
14.742883
61.614555
33.863136
16.310499
5.465828
1.075682
81.579918
15.000176
47.750256
28.296783
81.908089
27.836163
73.769562
23.908796
61.157806
54.952190
61.626892
69.358215
53.589470
25.638981
71.166077
-0.119834
45.994041
44.308712
55.288261
27.310328
82.926620
78.008667
65.122269
27.961687
69.638382
35.436382
58.065723
48.672092
81.623428
44.252224
52.055405
38.222885
55.412277
16.296341
61.247810
57.364471
12.232334
74.337845
10.152299
49.894321
76.121773
58.192444
12.615838
20.102423
83.481689
11.922503
53.088638
49.178013
-0.286350
10.614898
27.024334
26.594822
30.306297
61.422729
1.716405
16.483459
60.884506
54.022366
0.191300
61.624146
43.574703
65.920532
57.323402
26.788727
40.532768
58.499752
-0.168874
59.323387
20.261673
9.692335
61.513000
55.929668
9.991817
12.245724
1.246724
17.208773
21.519566
20.496201
28.174538
52.438156
29.648853
42.222500
31.918072
20.384775
62.118347
23.387535
28.793829
83.205994
65.405731
35.055244
61.599113
56.808899
46.085289
60.546501
61.612930
30.978073
61.536377
28.101217
81.936714
1.497228
48.826706
38.009575
65.478043
28.001022
37.745903
10.998023
36.262932
42.698738
16.166727
25.498104
10.210080
35.646412
32.714565
0.477613
33.766769
30.119753
26.788586
72.580414
61.498573
22.409067
43.864307
28.301189
61.463501
49.178547
77.664223
23.198769
6.056612
42.742630
46.230438
88.733963
53.475189
40.645531
54.854515
54.014069
25.646124
25.088509
50.856369
34.889236
0.411021
78.155609
68.897324
49.971699
71.066483
73.843971
61.625542
36.499825
43.967918
74.228851
60.131973
23.131535
61.424744
7.805589
50.934570
70.041481
61.621498
24.487711
33.314514
35.949471
76.560944
40.441898
1.380926
61.615116
47.685738
34.526897
75.321762
1.429961
60.907639
7.851700
23.521496
61.575241
59.302303
69.579926
4.763405
23.316727
35.632504
60.013199
15.183615
70.268585
22.046814
41.250195
73.784683
-0.275109
79.997864
67.728050
36.979477
64.528191
71.161560
8.922795
20.399534
42.629875
42.750198
44.241859
10.747761
69.722961
5.570343
47.003860
21.337059
74.445969
50.635223
46.465267
60.937553
61.620819
70.056328
61.328491
31.676888
37.605427
73.056381
77.316261
21.907238
70.638084
60.680824
71.818314
24.545612
31.206650
15.608234
73.661987
15.514421
21.104216
51.818703
46.285931
60.085709
73.485916
28.594002
14.235531
-0.164485
61.623489
38.284405
32.653011
8.216145
-0.100546
12.780202
52.745201
80.805267
-0.169107
7.610156
8.386197
57.896175
58.725075
27.320911
64.126984
55.001541
35.622902
0.703684
24.987785
43.136177
61.589447
62.283302
0.037392
41.325516
29.721855
1.758150
36.371536
59.171867
41.161034
34.532207
56.320724
57.374611
40.679115
10.705228
1.133125
5.321147
48.856491
52.841934
24.879200
57.477013
50.926735
20.064394
51.483601
38.985748
59.571285
1.163790
12.603929
74.496613
10.936338
36.004993
29.242161
7.807096
42.082737
37.167545
49.523426
68.993896
81.550903
57.551624
50.998684
6.529058
10.545438
63.387581
23.849525
6.596573
61.626480
48.551323
61.617798
27.623848
7.357804
42.795757
56.682236
49.554710
30.473589
44.874779
15.123872
47.557518
55.423416
61.484306
68.147842
61.591457
31.339319
79.573532
60.660431
60.448349
27.289062
72.726326
61.521484
23.171562
15.201955
61.335312
51.135212
61.589642
37.486046
54.973213
60.513672
-0.371130
71.646500
53.645775
46.068199
22.118877
77.342690
53.857460
-0.186748
71.704948
30.657093
14.891949
75.010979
1.185596
0.288819
49.279453
61.417931
2.204277
-0.163100
60.312462
61.623924
15.102012
42.501785
41.788292
55.226662
18.163996
48.236610
65.707664
53.336750
28.225246
61.591167
55.810341
28.139357
61.613228
61.489193
83.353966
12.097540
71.544891
20.617659
30.547956
70.294830
61.581573
61.626854
18.578352
73.139732
61.514679
21.871693
74.236275
61.621773
37.500660
61.492496
16.141510
46.882595
45.378448
15.868933
59.499390
7.758426
40.724895
40.329136
61.513481
61.911366
49.638138
38.535492
59.228462
45.138260
61.569649
51.529324
33.886906
12.634782
6.244481
76.924332
81.886734
41.447395
61.208374
28.501637
52.141651
49.178280
20.313332
11.897453
60.729710
-0.338128
61.625217
61.605068
23.994907
79.162521
79.607117
61.463970
74.538818
22.598694
57.705048
19.128040
83.686539
31.423052
42.658356
56.410202
77.746346
0.100621
-0.057817
18.462427
5.978370
79.799187
28.571182
38.161743
45.973923
60.969017
65.445656
58.449127
8.519410
21.890781
62.936207
57.497337
47.646492
32.093750
53.379105
71.119263
8.017304
18.008047
29.305481
74.914726
52.832230
-0.061407
61.620167
79.035950
1.585837
27.405533
0.523741
61.625690
45.938007
53.676186
39.832695
3.811715
61.613949
42.678829
3.639049
71.262329
31.194010
61.626892
53.503586
61.475338
31.946754
81.587570
48.535419
49.732697
0.586203
55.959480
49.525917
17.751085
1.223041
59.974606
70.617325
57.891491
29.809669
61.569801
61.310860
23.605415
33.712193
0.447650
11.965668
24.206364
61.447411
83.661209
0.417888
61.501945
60.808746
61.622036
5.563294
73.563332
59.839508
36.851547
65.504692
70.019447
55.951630
22.677813
77.650299
74.466583
52.751175
6.502301
81.844597
6.331038
86.025681
8.023738
40.909306
60.267593
24.401537
28.597626
70.581909
20.793154
33.161247
12.190006
31.325237
60.064163
20.597496
65.464760
2.123138
61.623375
61.053520
37.451958
57.898235
48.225510
21.317038
49.380856
68.574127
38.025761
12.643189
61.458649
51.748508
34.264912
51.845795
39.873505
14.083646
27.394135
15.027769
79.588211
17.733664
66.606796
7.459250
86.400024
-0.356607
53.420784
45.684845
74.839172
28.711365
52.343956
26.605812
55.669182
40.633408
45.852623
44.815739
65.237267
30.845682
76.130264
61.625999
61.623802
17.468748
13.461074
61.574703
55.692688
33.024521
75.246231
21.167950
24.570311
-0.371130
0.441278
5.199831
18.149433
61.570152
18.621487
38.770790
33.831890
58.742260
27.946503
61.618668
18.270340
14.832806
29.972071
7.415582
63.812782
20.744585
61.624191
46.223049
5.117323
20.057692
25.021339
52.883728
31.170307
61.352859
13.698551
55.701019
78.861313
19.460852
20.725409
60.253868
61.625381
0.248959
46.980385
72.079880
6.036524
66.778336
71.172150
61.626892
67.911087
61.626808
45.557987
91.591286
61.602951
6.703496
3.766110
44.673550
53.245819
22.778265
11.503594
9.836725
26.422031
69.783798
20.037827
29.993500
62.936207
36.533203
78.080742
4.041649
46.855614
23.207706
69.185440
2.400226
55.544651
28.701662
61.622932
44.798264
65.514282
10.226049
42.134289
2.668790
40.152401
87.990799
73.344467
66.637238
57.326366
53.990734
61.586205
90.518188
18.260845
54.010742
32.354809
57.722511
38.933796
30.783100
61.626476
61.366684
-0.096028
61.303711
71.971024
61.389885
61.552860
15.068913
2.252129
0.544727
46.259804
72.391159
53.830856
16.367949
39.019310
43.114044
52.636124
78.593597
61.505325
61.625313
7.865598
61.607559
40.220997
8.358422
41.753483
41.849689
45.239502
8.390903
48.310925
34.683945
61.608253
60.517498
74.352753
26.896019
8.026864
72.902985
69.207230
33.835949
28.251507
47.975189
16.683840
3.985387
61.626892
60.217110
61.587238
18.523293
6.051387
58.749664
54.364082
13.751898
32.925983
66.798294
43.802422
23.041346
37.490101
6.292434
85.603851
44.191559
11.742412
37.270844
42.114300
26.904341
86.063797
61.509293
4.901192
6.824028
20.128078
74.186478
42.501255
48.621429
46.391491
54.773712
15.694530
61.501175
42.248306
49.184788
43.356407
67.561913
83.350143
87.013466
43.472004
59.643669
65.662582
81.494637
2.037121
53.222523
44.893597
11.865219
66.603584
1.470341
39.137131
61.015694
0.392732
54.448368
41.975880
50.323170
78.754669
34.325287
71.393311
48.536171
9.019716
60.928558
61.582855
-0.220377
40.351479
28.456100
57.531540
89.267502
61.594124
61.522110
39.277687
43.539246
41.016487
-0.384647
79.600311
2.773564
20.581970
62.507935
60.941650
21.672506
67.177254
53.152962
12.778165
46.038261
68.191750
14.820127
79.463020
0.195679
61.583481
53.713676
61.571026
45.700222
5.821988
10.400104
61.424973
35.833191
23.988663
9.480971
44.490372
32.788246
4.908034
17.607761
40.111908
61.264069
18.070372
40.706493
37.537907
54.203712
46.549995
61.332024
55.081360
8.242932
60.127716
61.264053
13.911528
46.842499
0.472674
57.020065
42.849987
5.720141
28.437449
59.884933
37.772495
36.125603
22.174696
19.305666
25.811508
57.179729
49.750317
56.780003
72.286964
60.400444
47.458271
51.093788
7.400529
6.074194
35.596569
67.146126
39.501644
0.312416
48.609783
60.052567
61.160271
42.054901
36.141235
42.091759
66.195999
39.497070
0.309430
78.378967
30.994390
33.785931
16.701111
61.585342
10.264917
12.515405
82.224464
29.424950
30.238253
12.097540
26.065542
62.789757
61.425205
75.677055
72.427170
61.374847
43.112099
59.562458
56.169022
51.355202
55.209648
49.388775
12.232334
10.264917
33.417770
60.528423
75.667099
59.071693
54.389565
12.673663
82.550209
45.644058
45.546478
12.493761
0.464970
75.496429
57.270599
11.243142
60.469955
61.523579
18.361675
46.620522
61.258759
67.923729
73.922539
81.708687
43.393784
77.899750
22.333336
61.624390
26.345913
22.312319
0.013480
6.724418
55.231922
41.059906
12.607005
12.701116
5.862478
45.538036
18.313284
12.510596
61.590248
47.810642
59.574272
3.779245
19.841022
61.182259
7.660886
22.967278
28.194811
81.441017
13.458984
66.451149
35.673130
23.123020
6.447274
20.669910
36.353764
14.954813
48.061180
49.187149
1.571296
0.119447
45.777222
45.671288
61.624809
25.477436
42.350212
24.667124
3.786009
87.987930
53.472000
56.101959
23.130344
61.626881
17.380781
47.180534
53.425953
73.338974
56.026665
35.169857
7.863894
61.626854
14.268231
61.445396
46.476040
54.338089
18.814405
25.180706
0.634724
54.961227
81.634010
45.446693
70.265877
61.520111
53.405315
10.604047
53.152225
39.681908
22.264709
58.180092
23.864374
25.173277
44.177231
19.315680
49.178368
-0.119118
60.767948
36.037533
46.912216
-0.074910
58.422466
61.391571
62.307224
70.643349
16.779749
39.238171
52.528046
57.722057
31.772310
15.542726
78.544144
15.470119
17.280415
52.299175
0.914218
44.460976
8.405722
12.544413
71.328064
3.766110
-0.371130
60.890575
19.998400
80.642242
34.623932
45.162426
49.967743
1.378981
31.047636
29.924883
69.962311
7.067362
1.399322
12.150467
66.470978
3.332116
61.304382
18.735643
68.339470
43.173866
31.581604
6.974393
80.168304
61.574570
34.313240
60.015854
62.202705
53.854012
62.464699
21.933578
38.576576
47.337467
59.176804
30.172426
41.416607
2.767857
40.907757
53.435902
31.032288
44.530720
32.615158
45.514229
19.363583
76.105965
40.532768
29.639315
61.625698
65.957962
72.384850
15.519746
30.250591
41.888187
61.625816
47.910328
61.437283
21.587545
42.398605
12.610152
34.891129
60.280029
42.603863
10.106990
-0.286350
69.556473
43.622799
41.010983
83.239197
21.491339
57.483692
37.067253
78.874222
51.799782
57.751274
18.104660
61.625740
57.821655
30.860291
44.995140
46.870163
19.847618
71.713882
81.693832
11.817070
31.884249
7.960666
76.281387
61.416756
8.659791
22.781284
61.614754
49.177975
77.100037
77.679794
56.551437
26.258345
75.337128
59.633186
0.464970
18.241381
61.624622
89.852158
73.707664
49.746307
26.075460
60.710037
41.316685
48.294418
6.703496
26.739496
69.119919
63.116478
10.582452
61.504967
6.548621
61.431679
26.300835
14.367266
81.033379
54.930237
25.185741
15.845702
19.494144
55.827305
11.708422
13.481880
1.435988
60.625046
-0.164485
57.061211
43.103176
47.518585
61.624245
33.430183
29.046780
61.156120
18.461329
62.887535
0.507811
61.094986
61.610184
77.604996
17.254107
66.074455
61.625809
42.955284
43.227608
30.161039
-0.054940
61.604477
61.526108
22.310955
39.933815
61.619263
33.394085
46.830521
54.956318
59.210777
26.220634
61.626503
60.246964
59.425720
18.601143
40.432369
24.562136
30.602226
31.634928
12.443751
0.025611
7.651021
0.215936
34.365807
42.939213
41.495758
36.169426
22.508352
22.117056
35.033813
9.183787
6.292434
61.601448
36.658810
12.154613
77.035385
-0.375994
5.024562
50.481850
82.975662
43.006943
12.638639
84.352737
61.301266
43.136177
12.306464
49.377823
49.189987
61.183681
64.405739
55.176086
0.233451
20.463127
28.993238
70.221535
23.462839
51.471195
26.059105
49.175564
25.734428
0.729980
48.314514
36.154644
55.236462
76.786263
45.001446
41.647564
24.860144
46.703804
2.945980
-0.061407
0.360575
51.551662
21.622789
13.666314
76.236191
37.095863
46.215210
69.170509
0.407506
4.269192
23.226789
61.309090
53.332462
3.323117
30.462070
61.622742
62.149162
82.335144
9.072147
5.521242
53.225925
16.533129
-0.212854
61.470284
28.304253
61.602623
36.493404
73.483650
55.259979
61.574791
43.411629
40.703194
61.626884
49.258530
57.340652
0.001792
55.772755
5.081501
28.867697
40.854366
47.877235
76.019302
61.434395
61.392502
18.805157
38.641548
46.831779
9.692335
61.438454
12.756419
8.875366
37.656067
21.063402
13.222309
71.412659
58.112579
49.525085
35.056107
25.407932
44.984856
31.222260
42.635868
55.057304
28.299828
4.150208
25.085039
69.500183
19.768902
89.492920
30.821445
52.897804
12.645701
65.069206
76.410797
57.511436
61.468033
40.956451
84.711014
20.495810
5.691598
27.281513
28.864902
43.528133
43.554565
19.185560
74.386086
38.603340
37.162235
61.451096
48.383152
18.374502
31.144737
59.887596
22.328888
16.109964
60.640923
75.068451
16.257809
62.500439
2.204277
54.636093
44.043892
53.077545
42.661179
58.500366
30.133274
50.372047
44.862961
22.573486
44.326157
60.756115
61.625679
1.969568
28.759090
62.923874
48.374634
50.056690
75.913467
46.944851
36.982750
61.559235
20.735754
41.607704
42.804474
79.794121
57.554775
49.363953
23.257019
73.579887
22.367603
6.673088
40.578949
61.626892
50.727715
51.173805
60.481552
58.505054
83.421036
26.556738
0.911469
30.275753
45.412281
63.996296
16.851969
59.512547
35.219757
65.364075
61.950443
61.352867
24.612366
4.501275
49.699986
79.609215
68.454025
11.896274
60.217445
60.364563
12.142638
54.031582
43.152172
52.585617
78.644730
61.626144
43.299198
81.996277
14.145705
-0.093839
62.423191
39.230408
61.626785
43.161858
4.886870
12.192800
9.762773
