14.622446
4.937161
39.029991
0.365434
7.361697
8.454541
41.605354
9.847790
36.759865
11.462510
3.248020
25.659416
61.603470
51.055714
73.249268
44.516724
27.542336
38.426823
17.168823
4.236672
14.957909
51.655712
48.599922
10.168995
0.829866
6.735745
4.943135
11.859604
61.611626
39.574791
16.558552
41.544662
15.372454
10.768907
43.547581
6.920989
119.637985
19.449295
7.802905
27.063162
49.373177
99.951477
5.850626
7.515326
53.621071
9.525032
16.475052
30.723406
20.742331
18.077400
5.617410
45.349472
4.413104
9.602572
13.351906
7.186097
56.612579
12.776085
36.161308
29.356209
28.744156
44.512047
17.219032
78.347824
26.049974
36.000565
67.416382
41.559402
22.714008
43.784264
2.962086
29.951214
132.916290
26.972048
33.490540
105.477982
67.640747
55.810158
27.136877
55.012939
43.039505
24.271427
1.699549
24.044954
42.499966
54.137283
10.097860
39.758427
19.126316
45.789509
14.533993
27.116100
25.294655
8.600527
64.124825
47.773155
19.134523
55.585709
80.645195
17.197212
23.271402
82.030594
51.460846
1.678729
7.397170
85.188248
18.354074
39.683334
35.919518
8.500947
10.908475
44.382908
26.439682
19.439869
39.967392
21.590305
40.133522
12.065323
38.366840
36.148338
7.209442
0.102071
13.418383
64.883247
21.436432
61.801292
4.384150
1.810122
59.327103
10.249290
26.337929
42.361576
36.830101
62.027966
3.474456
4.895513
56.298134
12.415535
11.412617
18.386953
66.246719
11.546291
53.592026
13.695258
28.568657
35.148724
6.850373
24.227840
41.819283
5.556647
7.334746
9.938206
33.652252
59.955620
134.182205
28.594952
59.986710
54.545288
0.312338
18.490608
30.431332
37.657623
60.294262
5.697661
35.622070
28.971720
46.326649
104.236450
19.430521
48.818623
54.306862
21.682121
58.152538
8.218863
18.573772
40.948608
67.624161
69.780869
21.988844
44.743561
16.285366
42.592712
29.862362
31.702644
52.779823
40.764198
36.778404
6.705341
36.061989
42.871922
72.694794
27.664116
21.758608
14.001467
33.626633
29.312386
7.022086
0.357817
28.426537
14.704041
18.039753
73.640427
27.116100
6.056339
26.058420
39.970413
7.883634
14.001425
39.148800
77.727791
81.323860
5.615315
19.284731
41.604305
5.101762
29.409468
2.502416
34.312790
50.561455
53.680489
15.497929
3.553674
30.110729
3.898212
8.924025
40.137417
64.652573
52.116840
124.816071
32.228081
92.730293
38.532806
25.661846
16.584116
62.720459
54.488171
69.336868
11.441793
48.301792
50.386967
43.591389
14.164604
48.975739
46.833992
30.629417
42.960342
51.450226
9.245345
14.398283
8.553884
56.013351
32.483952
21.449558
43.846146
35.658600
22.633787
25.509369
13.277481
53.671322
4.287838
3.983413
1.970466
50.285477
64.016663
36.660728
85.694099
39.400322
26.283390
19.112692
29.157692
34.245758
59.175716
88.254906
34.038651
27.552704
21.703865
59.468552
13.857455
36.077744
3.365447
21.049582
16.271915
61.116905
45.282181
65.901665
45.684570
81.988716
30.908197
16.818336
64.286835
21.751238
37.075790
31.459942
66.964973
30.678154
63.361073
30.796394
31.204018
37.076675
4.943884
71.162994
46.528416
87.248802
42.994534
7.093953
11.331391
41.990063
13.923658
34.846886
27.197577
14.613922
9.134245
17.004652
6.566792
5.071239
25.231050
56.251350
60.886490
13.960165
22.069298
59.606831
59.955620
0.306212
67.959045
9.049475
47.313053
9.779665
32.578857
64.586548
85.716568
22.064404
21.713821
39.606400
24.160297
14.284888
26.952694
3.031153
32.321587
7.201174
62.979164
63.483643
21.489471
109.050575
52.572472
8.602634
47.606216
51.102921
16.145107
50.926308
43.557262
55.855194
22.344048
6.345248
39.777031
24.802418
15.135841
36.154766
37.149090
6.726075
27.135223
81.575775
8.574554
11.865598
32.957733
14.732030
80.469742
34.945293
16.161118
22.030205
4.321967
47.906563
47.919357
3.291545
0.429178
4.677252
13.122589
36.283241
6.480960
33.548401
28.124615
21.521755
40.891151
65.673561
39.879330
49.210747
24.551336
62.246468
43.271454
13.482037
23.501263
65.034660
78.836983
68.357033
17.781918
32.130585
16.039654
16.954987
41.137028
52.731247
7.565861
47.011219
32.240601
8.146477
37.921093
35.965717
71.576332
54.096283
38.305290
71.887138
18.471041
14.978670
5.829875
17.859844
44.685570
3.726520
26.694490
30.413544
55.815109
58.295853
46.527039
3.940932
58.859848
7.661205
32.932625
6.480960
33.509983
41.581551
119.911240
4.287838
35.907120
35.222183
68.345192
43.219673
28.637011
13.656596
24.652439
47.012943
19.035742
53.505402
17.601995
16.213737
19.035742
19.706417
26.695110
4.215189
52.968742
5.516101
69.040131
39.970413
20.229200
51.271191
48.778008
3.940932
47.513306
79.601517
6.577040
35.024971
24.166645
6.714916
19.669342
47.418800
24.842640
28.467947
23.478910
30.132776
51.121338
72.281036
14.768986
13.558050
36.021221
60.542473
6.591845
10.596032
6.981524
45.451012
45.698792
27.983513
33.276733
71.736267
42.857311
40.010128
90.392731
63.449341
37.082024
3.560357
26.903915
52.534111
35.065258
21.968607
43.108013
12.731053
32.090508
31.402948
46.122944
7.715024
20.382448
25.450375
19.908241
29.875257
67.914604
18.787720
47.379715
43.531475
5.412185
4.153616
28.717039
26.274431
39.995728
16.352680
22.795650
10.088768
30.130911
20.602924
36.228485
30.774834
10.661022
53.206215
11.231234
3.154654
40.884602
11.032202
21.066402
10.942465
23.081127
13.407418
41.605354
17.697424
126.967285
44.086632
35.463604
3.876877
6.377902
15.540016
38.260853
49.582458
33.117340
40.332527
13.834987
1.696315
13.565433
28.472916
51.089825
71.234863
33.427830
26.008957
38.113113
48.703667
8.706985
32.524902
49.943436
40.963612
1.923114
52.108910
50.020744
40.116604
18.277596
18.394085
64.829514
49.222366
33.064972
3.857512
41.795959
24.359158
4.318666
50.650253
57.125275
11.201881
43.847340
56.847824
46.646370
8.335018
39.678577
8.460900
46.755524
68.851051
23.146891
55.401012
29.938309
26.752689
14.046650
42.472721
2.665256
24.503506
3.863628
17.619013
29.003130
61.181831
48.804375
47.289398
41.291847
14.326099
3.593048
57.724895
29.512428
31.041721
43.016846
69.717026
83.599045
59.225288
84.287941
10.990222
37.069378
7.703608
6.998690
40.915737
0.171801
47.598389
33.998268
17.324036
57.336037
13.751873
22.300632
7.825803
39.627602
3.511043
60.980568
8.575676
32.671169
6.345248
40.379623
34.158783
32.473820
23.026279
67.480904
31.677061
64.315674
45.309414
23.256687
11.430266
27.032742
16.579464
33.871395
32.461708
12.628691
4.143333
56.815243
10.972596
160.724609
41.399612
25.361462
31.719191
48.066113
21.139765
12.776594
28.560619
35.558739
6.037710
6.510449
49.986595
36.486767
32.672142
12.093081
7.593307
12.152912
39.344795
24.518276
22.369930
66.977539
19.398249
62.408035
18.886139
13.010498
0.285621
23.471292
4.681391
98.583008
2.805462
39.344364
41.605354
58.772011
161.440262
16.313961
4.351221
31.449905
24.596134
8.594875
15.637337
4.992890
95.267853
1.830842
7.500425
40.235794
110.402275
28.317413
11.931359
56.159889
11.123322
6.322146
9.859953
3.744668
61.214001
44.717449
41.873192
106.870255
11.445881
37.915871
0.142810
14.164604
20.109455
49.841789
56.531982
42.236908
29.200886
2.551081
13.341748
39.090157
8.591334
43.039505
6.961829
47.441994
16.810699
21.971806
12.065966
19.776581
49.843609
52.134712
49.159618
22.008816
63.632473
56.397873
27.522755
41.595146
7.073077
35.411999
51.573738
55.380165
23.008945
58.701218
7.905134
9.721439
56.895222
27.554085
26.135162
48.211170
59.818993
80.038910
61.882004
22.715204
12.320801
28.015079
12.761345
40.779953
8.876805
63.490250
62.724068
45.999535
44.215321
31.789743
27.842678
7.263491
40.557175
27.777763
38.779564
59.399551
59.955620
64.342438
12.462243
68.758392
0.187204
12.080298
52.474400
2.798219
93.128693
56.362549
40.653488
25.900684
60.948231
37.037022
50.365829
36.156235
64.929298
22.946453
36.355518
49.286968
21.065170
97.665680
34.668434
88.929787
59.573471
66.499306
36.621700
22.768845
27.263475
24.286602
20.509054
33.552513
19.725241
22.279892
43.606079
8.212537
8.612969
19.046150
28.781429
57.994656
3.744668
45.005379
11.060458
45.266098
75.559006
124.816071
5.711992
41.778248
62.408035
85.608780
52.751297
23.607487
31.968782
29.094501
20.809872
30.471130
24.263153
114.202682
27.912790
94.028526
8.563587
42.289841
25.374191
49.679176
17.510466
56.289574
51.154907
49.190975
47.667233
70.367867
22.629097
30.227711
38.861374
52.116840
5.312932
9.053106
40.771160
27.650515
23.496027
38.613117
36.046463
29.587858
45.010738
89.271927
9.851818
44.120625
