93.221977
60.472954
56.291977
62.810730
71.965515
45.077522
53.125648
13.373365
62.501534
86.967705
63.137562
6.737205
60.784966
54.128105
62.145748
74.847527
36.085159
61.593216
43.581337
107.402748
79.082039
65.206612
74.895393
43.191456
88.007446
-4.093727
77.538383
25.074087
80.005760
95.623268
47.617020
0.095265
82.242165
15.706199
87.552353
42.570423
72.239372
85.469360
71.740608
86.610725
81.963951
77.169380
107.185043
35.116245
91.279945
59.769535
85.301842
25.429255
92.851738
69.547081
95.124535
73.497108
94.990501
71.080872
44.433304
-2.819673
62.284649
33.139507
17.934069
67.214714
28.195745
74.425995
71.237572
78.628540
96.111153
66.097748
80.086174
94.154152
73.286766
-0.695553
80.408936
9.469851
58.658310
56.127991
10.495206
98.010353
41.309383
11.049309
63.610622
16.470484
92.390137
91.210503
6.320855
59.443367
36.016876
28.669786
62.957226
23.689501
-1.955399
69.693108
94.153877
31.967520
74.582817
84.286972
103.687950
91.978394
80.880791
89.075798
-3.801315
46.029644
77.640495
44.781998
24.992397
54.811623
97.135216
-4.848060
65.633331
35.630836
52.551193
4.498421
101.031151
95.717827
70.875542
82.749046
56.121609
93.368607
74.789719
1.820668
85.083794
79.923325
68.640694
54.738190
55.931416
-2.065535
-0.013155
7.574970
106.321480
83.297447
76.706078
79.462334
37.023552
93.106300
92.040535
4.014236
90.572853
65.957825
23.497374
67.825623
71.069557
91.006897
87.598572
4.071077
94.748940
0.555719
94.234291
-4.884433
21.024483
28.968321
75.549126
72.899925
-1.932154
45.417557
90.363487
42.009129
3.461328
18.164053
16.334188
87.211327
16.198267
91.902199
68.668068
44.588577
78.971634
74.931091
93.733604
49.321110
69.304710
98.807365
94.759888
60.484890
88.497581
86.912086
83.593735
71.486839
89.095833
38.760426
68.615471
57.921974
95.208275
100.163673
73.043365
74.565620
31.010454
62.531815
-3.824028
31.913366
82.525574
90.365601
95.131477
11.645939
93.888313
36.318699
52.374451
4.789182
81.387543
62.288460
3.627180
37.958969
38.286049
86.947563
92.720177
9.666269
20.954092
30.920328
14.569478
40.901600
96.094597
88.412895
110.063889
22.518404
34.147537
26.753733
68.584206
-1.397803
51.265877
-4.474837
73.579124
63.652443
34.213657
36.805771
74.953552
63.146599
26.339148
78.864700
46.736317
70.648514
96.613457
29.818111
106.389519
61.313187
84.055565
95.419945
-4.444287
-3.652806
97.462074
94.377632
10.093103
82.070938
78.797173
95.765236
86.106758
76.947029
93.872581
-0.753308
102.789696
-1.640947
82.972603
12.477276
95.045540
3.514670
80.673050
28.070955
61.298779
65.632874
8.132071
40.941177
15.279492
77.927109
77.000511
-2.976717
82.373055
93.826805
41.684208
93.746582
1.424014
90.241707
84.040825
96.339676
13.476160
61.195145
79.737709
105.911842
58.116020
70.552818
52.067978
45.145882
8.129756
10.938371
84.727211
72.161400
43.734215
104.262367
-1.473898
31.547218
79.830490
100.819405
92.451286
53.509869
80.394913
15.333594
89.499336
6.661654
85.195084
69.189705
83.167892
72.918854
83.154053
11.619657
83.684158
78.032600
71.750618
63.619385
31.923578
94.769508
16.619257
70.607834
62.368385
86.709236
64.305687
29.835272
8.247955
19.885227
93.125587
83.981133
33.592060
3.602968
103.965324
93.943016
56.651661
8.125379
28.374020
73.582611
21.062763
52.059952
60.816017
81.125908
80.801384
38.843410
26.263399
81.595558
92.105171
86.308228
21.656898
33.771740
74.475410
45.598465
3.602968
55.561497
93.477913
-4.167484
91.611366
85.258926
15.333594
20.525246
33.328716
22.172323
10.030962
84.233421
48.711544
32.350418
91.072296
83.912254
27.843588
0.356184
64.180588
82.138145
90.745033
55.188713
67.693047
62.873516
69.738403
61.886368
80.089493
92.427460
23.689501
23.354136
6.733185
92.930641
59.007698
24.844675
13.115152
69.904289
33.857323
16.711018
19.924294
9.702308
1.044262
-2.998355
48.116970
42.963711
68.830666
81.174965
61.661209
79.316582
46.252678
36.436325
64.450661
67.502678
33.592060
15.023420
67.533745
59.939384
10.603190
28.207386
75.271019
79.715431
67.141319
77.898491
85.796364
1.177408
48.614380
82.561302
107.716583
76.549294
39.587494
57.953152
13.635185
104.649750
37.530197
66.428795
70.432892
84.420464
61.060684
109.959145
34.035576
50.607117
92.702858
41.517563
-4.083707
54.224655
87.272179
92.790894
93.010643
26.245813
42.330933
92.274956
74.787537
16.813671
56.082626
92.957848
26.758181
26.712929
32.325092
87.715012
24.251696
19.552176
96.270485
17.023092
25.843664
91.573982
47.642876
92.547340
18.205593
84.502823
20.672314
95.359215
15.597592
102.255531
32.367218
66.050133
9.085817
65.909340
72.477585
93.915260
82.267342
-1.397803
7.759444
73.691612
30.860590
11.761797
34.426987
7.502642
76.362923
90.771950
92.578514
96.322670
20.119646
31.622456
67.524544
11.532698
84.366920
87.937569
36.813095
89.243584
64.544533
93.729332
5.038342
95.215027
14.171403
22.995348
6.916565
52.056744
69.008568
85.228767
55.805943
54.882561
17.343216
8.227534
67.547714
27.017227
86.337616
72.442215
87.012962
43.760681
83.622917
90.202766
96.827286
78.766441
-5.135010
3.802325
23.853762
74.186256
59.914135
50.836094
14.025536
50.409035
6.854416
79.386642
98.109085
21.656898
71.235283
50.293213
89.804932
36.016876
12.831131
25.814075
95.901588
102.104820
92.539558
85.906197
87.861725
65.706902
15.437640
23.984386
86.052322
44.538074
87.200066
-4.128033
82.248955
55.278446
-2.565816
18.853674
80.005035
47.268898
96.704956
84.472481
69.438919
43.191456
36.023827
70.377556
79.433578
6.809494
79.584541
18.188696
51.973030
60.410999
101.678642
95.038368
72.868752
52.883148
93.313324
66.765678
12.537805
72.581795
62.927727
87.177773
7.759444
15.333594
74.625710
73.861694
92.190285
69.871361
68.406876
29.030931
66.536026
73.242012
70.215691
91.697899
31.704653
40.806660
81.560234
11.996036
19.149706
9.949043
78.894012
107.104851
76.915535
96.835869
57.437897
75.799217
71.636955
-4.303945
34.147537
17.090807
94.361092
2.206149
65.981407
35.222153
95.524269
39.926788
75.233574
41.431236
84.173088
79.271141
11.138703
78.382088
84.393608
69.748833
92.969276
27.017887
87.807610
90.491508
3.602968
39.195484
49.380848
79.413177
85.246544
41.178059
48.789383
94.462303
89.415779
51.321461
26.833817
88.239281
84.795639
71.627327
55.647369
94.768562
35.116245
69.281052
48.684174
-3.418287
81.012840
52.245045
97.104912
14.980510
22.306177
52.587681
13.020256
33.308666
43.228062
35.699791
86.728294
92.054665
5.732761
86.829514
94.435860
78.729408
57.469376
16.989616
45.244137
90.822021
94.108940
30.086958
61.277328
62.545586
8.129756
48.221478
79.738022
47.642876
94.606659
4.154487
71.885231
5.868118
53.778160
63.628971
11.936999
-4.733056
14.359743
69.679482
13.664396
66.900475
-1.701620
54.358849
3.533572
16.244558
38.754372
15.536793
68.367142
95.829491
78.639946
58.240658
36.764057
-3.534302
-4.135254
48.373028
88.082817
45.214298
98.122063
71.656418
34.950790
28.631319
93.993950
36.016876
60.982578
73.721962
84.701477
54.224655
92.231262
92.758575
71.053162
85.783516
54.553783
26.466187
72.701614
9.309690
91.703270
78.205513
27.017887
-2.089530
91.390587
87.640831
18.363424
77.931328
93.817451
54.703999
33.328716
69.130394
21.411512
78.288528
67.927040
86.476219
22.951670
108.251099
25.722754
43.888832
26.282572
74.878426
101.185295
69.594543
0.352065
34.292267
15.769073
79.022263
60.983505
82.845467
75.217316
39.272270
90.583473
91.239662
-1.701620
56.055481
26.948341
106.883652
105.645599
89.765602
103.590981
9.869032
45.452251
94.194489
89.914818
47.190281
77.258865
12.175351
76.732269
37.386692
12.363726
69.546135
49.961792
37.986240
69.727821
88.504150
48.339256
47.753632
85.220741
39.470222
92.373650
8.949935
36.085159
75.540657
54.051945
45.093979
44.107140
46.711514
45.149834
-4.601739
65.696869
69.331184
25.058033
84.622360
24.159525
32.384937
72.109200
40.584953
86.547478
20.504248
47.401436
57.978561
76.672020
27.361002
55.378437
14.491449
72.171562
90.386101
76.299507
28.053377
-4.096563
32.418037
85.131111
94.426506
104.036568
90.850151
42.237778
64.169182
96.708000
65.367477
77.554321
42.936607
67.498322
74.625740
79.271141
97.704628
84.340187
102.474754
17.264772
26.584175
52.782616
19.731361
63.733921
95.457092
60.316650
85.248238
37.606510
8.454282
91.955299
87.982643
92.312645
90.929970
75.250816
84.115585
-4.855133
90.766212
36.088467
92.449638
19.293833
81.441277
76.356483
-4.538370
89.129570
40.648624
96.293533
20.557093
76.138725
-3.634537
42.707680
63.499622
12.862993
94.224602
105.804352
87.088028
48.477978
87.314507
38.142368
70.326393
21.425310
93.813400
93.953972
68.329155
81.747154
91.091148
-3.120199
89.026634
105.554321
71.660355
78.959175
28.839758
54.112640
94.515045
21.596378
16.422972
61.780762
90.290245
91.598335
56.651203
4.346627
63.038403
62.078583
73.735748
23.689501
15.249149
