54.782082
57.206688
21.550171
63.710911
6.390312
-0.479188
-0.720863
8.645752
44.760410
20.100334
66.558029
47.860245
61.140392
37.942604
11.406067
69.629768
21.191191
7.517314
6.747197
66.650940
47.748905
36.817696
59.332626
28.935581
19.740711
8.003186
37.018330
6.539386
39.389526
-0.449913
31.923574
40.881878
21.624882
36.762871
47.888386
39.851795
17.521824
91.937195
7.557613
45.747982
61.864349
3.199879
11.961823
25.226225
28.611164
67.089676
45.035225
25.641218
70.231537
63.607376
22.390694
34.487476
31.063246
31.626812
35.459892
42.108624
18.196930
28.109974
23.688862
28.381897
56.347374
40.277874
35.513763
63.480293
36.489555
18.561121
60.326912
67.315430
50.384026
11.715914
20.945789
19.667604
2.386117
0.428968
70.300034
70.491646
57.336578
63.509701
64.745384
40.833317
71.474319
34.293243
6.656003
29.054420
15.355476
75.087921
26.487082
-0.936561
46.774628
21.762367
59.958977
21.278875
31.593578
54.809792
51.954056
59.722057
9.152640
71.964233
30.677876
59.421021
29.222450
8.138845
31.902611
19.729240
42.704086
66.973610
68.017265
22.747324
46.912800
36.548241
68.534439
6.232476
31.673481
43.182678
32.229523
49.822987
51.006062
32.590511
22.629206
35.070972
38.176250
54.687336
58.481846
48.993301
39.070217
26.338993
17.097589
45.642391
21.998871
46.585800
20.343630
57.416191
73.536629
48.875549
64.230331
32.203266
46.526966
33.930676
19.616455
61.066864
71.659760
61.724644
16.652164
34.488640
58.778290
30.593077
22.756157
22.640507
52.268433
30.862804
67.646881
54.375671
15.308158
25.536398
40.227905
78.859863
28.893238
14.992434
54.123577
4.727062
7.592344
1.532183
40.935349
49.029377
33.628075
44.746449
69.958755
35.631226
17.392326
47.157181
58.711548
58.085846
61.311546
41.373070
8.479838
69.232262
87.684616
50.659805
5.230096
32.266727
52.467243
63.909416
20.713001
70.129440
25.860907
72.419525
53.968002
20.964016
63.855984
28.029144
56.551811
69.279861
28.032980
10.338453
59.667404
30.456274
78.827835
6.807568
20.083229
39.141010
53.221954
73.993713
18.100950
22.212002
35.197323
33.719044
62.243130
1.875092
49.663948
6.337077
31.096474
85.489807
24.414465
11.564263
17.083801
31.348534
41.663456
26.445404
71.982544
1.319977
26.373644
33.756348
56.770821
61.546555
23.969162
26.046230
8.653519
63.157204
46.694668
80.820663
38.148697
4.520138
10.198663
81.599670
5.708165
44.699425
0.347247
28.109550
33.378716
28.752846
68.530731
14.269908
33.350014
25.140343
4.077272
38.623436
25.773239
37.355759
7.838844
41.269669
19.833910
54.552177
61.214165
76.760330
28.898621
8.663799
1.748136
19.930389
71.520447
23.488087
33.654541
65.518272
13.741547
5.865635
2.279747
34.672947
25.098404
31.109722
-0.288627
21.189816
24.173862
20.746244
69.796906
56.953285
58.150551
53.299328
71.696533
4.173650
15.055610
60.074570
6.114424
58.165432
50.990341
46.424629
30.996784
65.532394
3.246727
2.020070
59.596901
63.380531
71.660721
79.862183
67.852142
2.247299
63.950142
52.749664
38.526421
57.424545
9.602596
73.075104
16.548889
13.255169
35.039398
25.022186
65.694077
26.214256
46.367058
48.160542
78.077293
49.704643
43.812614
52.391006
60.003708
20.260857
30.296326
2.407451
76.843987
4.578156
14.582715
40.621964
64.217499
20.204016
53.732738
61.449860
87.618942
37.897671
29.884289
53.352348
12.780010
50.662323
32.306149
33.385979
-0.821455
27.938898
13.079872
61.700424
57.067150
21.592484
73.706055
0.048261
9.215111
63.921082
16.978559
62.185280
44.294983
2.259523
14.371340
53.851967
39.311996
33.910858
36.352131
41.853611
118.653038
42.983189
36.743935
23.487890
20.034653
45.464813
60.071415
38.354115
86.946800
21.299198
22.086670
48.222557
56.998932
14.234110
21.534710
-0.720863
49.938835
25.524643
8.730652
2.533144
29.697937
34.576618
53.542183
20.267159
13.974432
47.147285
48.695206
15.968157
65.855148
10.145185
51.628174
39.801399
26.655460
68.255875
63.675720
21.482626
51.666733
20.399508
14.217871
20.589561
22.517349
55.761719
60.360817
19.367989
7.518002
92.846451
52.961292
56.019829
56.213402
19.026993
75.515266
18.668406
43.945557
74.461700
38.009750
20.507282
13.292789
10.558612
13.401434
35.009285
65.747925
-0.263503
44.267872
62.076149
34.294228
35.561203
6.943830
17.851658
0.633591
29.350315
33.348682
27.182049
41.871395
9.600752
49.058765
30.280056
51.558071
61.738548
34.435993
63.612709
45.860825
44.410873
22.135288
6.860547
30.668228
41.369328
52.481495
62.089966
12.590178
8.486070
9.472353
14.581068
37.254147
24.346474
45.792664
11.660407
65.830132
29.604410
4.846569
79.267273
60.335030
90.155762
13.387241
-0.877211
52.178722
45.362415
12.221754
34.801765
36.033993
60.535530
42.393917
19.315794
23.784382
15.944725
42.104977
15.366502
46.675606
64.581680
30.042114
43.940197
10.259082
33.680756
-0.875846
51.990883
61.577988
45.016476
60.344273
17.443634
76.728691
8.282201
7.451675
19.046274
6.391241
3.374367
49.868279
16.993456
19.656858
13.144886
47.400871
38.365406
19.726479
62.817154
22.679672
34.271667
23.423557
24.393734
48.610348
10.441521
17.491093
22.722258
64.121155
20.100334
40.019505
15.667931
11.482261
63.279175
39.908325
41.435104
57.629272
80.527832
48.276024
-0.925039
36.882835
57.464684
30.503633
9.557096
62.911301
11.223828
29.844753
29.376917
51.236298
41.441940
47.589455
3.531355
80.607529
28.939411
24.007187
57.053894
6.441934
46.416153
104.866905
26.398993
22.441708
49.441818
22.421576
0.658908
25.443897
60.116722
52.105343
51.077747
58.001389
35.733696
53.198189
33.921234
71.929749
27.123917
10.519818
40.943886
11.431879
28.511425
55.949154
-0.576531
33.407227
72.956741
8.736197
45.689880
4.403191
44.865204
19.733383
39.909081
93.398926
36.327785
14.305959
25.147776
69.074890
41.901703
13.739647
15.383101
39.188541
57.122910
3.421553
-0.200282
10.257843
34.856827
24.768202
54.017563
53.766800
30.750700
29.006323
50.992039
52.214436
67.049911
2.715840
23.472141
12.368319
36.750984
43.048943
22.218918
34.360466
0.704529
40.329693
55.630772
31.685204
7.673592
36.349991
53.064987
11.620283
13.469045
25.475544
40.699364
31.334101
4.136895
21.027166
49.992775
15.103446
30.207869
6.435724
0.253540
10.371757
25.811014
70.027489
45.910133
36.656349
8.563014
45.841797
49.276558
53.600018
38.073914
57.161942
59.333626
5.062701
3.169014
5.541131
25.149685
38.138031
76.587013
17.103157
39.804657
31.392517
78.801140
48.395081
8.231083
34.580811
80.874527
0.452132
-0.837383
66.764641
44.534798
83.338005
11.628553
54.473408
37.144875
56.717201
5.455984
20.944582
9.824787
50.667587
28.840363
46.264122
20.690109
82.673340
59.232140
53.236546
23.586775
16.505939
41.879822
65.724350
4.215789
38.482857
21.509426
26.101553
2.406900
2.093236
37.292835
56.733887
12.091029
37.812386
38.900730
14.247407
46.556610
26.099928
23.958565
4.633753
11.591570
32.056152
63.883030
25.669132
68.489655
22.029636
5.198471
51.295784
52.733318
27.777905
46.506714
41.300560
71.926025
33.492722
12.772665
54.676720
51.006790
11.449839
51.672977
102.185524
29.282726
43.191605
29.201965
36.094650
49.412334
2.183697
54.538200
52.941711
34.897686
61.036823
20.230213
35.404202
48.881798
46.032791
59.278984
73.686806
32.388977
2.570493
61.699757
42.702175
33.798000
-0.917112
12.108479
15.366502
50.266266
81.923325
61.840771
23.002998
5.865635
5.969951
12.044944
20.449226
70.294617
12.109969
35.243423
81.671715
44.772305
17.321011
16.179419
47.491512
27.700262
53.959866
5.251730
68.602615
45.303383
47.347801
53.372463
78.930450
14.337881
56.476875
60.044621
30.260380
14.011831
38.946808
38.646095
3.531355
31.680233
42.991886
15.246556
23.485090
47.881214
44.831909
60.280533
47.107491
68.523224
23.252777
64.648346
8.644020
13.440873
36.763214
-0.278941
-0.893631
83.333374
32.284348
21.945627
27.952370
58.893204
46.487640
46.355377
41.797302
22.888651
69.616806
71.509567
21.151600
22.484497
18.530161
27.803524
57.856110
7.353063
28.324911
55.581680
73.068954
34.838718
31.985136
65.084595
69.506775
54.467606
17.716326
9.381842
7.334278
20.613964
60.440868
39.266731
40.664032
65.891808
85.329163
74.474556
45.536777
97.757591
91.739914
14.191345
25.128485
30.651917
2.742761
76.803619
49.925735
71.625000
66.524422
67.581390
3.959211
44.385498
62.288124
2.523808
8.406733
-0.841270
65.006493
42.621220
55.364471
4.291493
25.231606
22.440969
49.985664
60.671776
53.222973
54.585709
12.198662
39.013126
46.486267
48.788170
44.751957
14.315245
89.864334
66.430420
57.177597
50.772774
103.553223
46.967041
45.546028
18.466829
49.345989
36.563828
2.031669
37.464523
13.357453
26.277365
77.960907
15.266804
37.843639
36.786743
50.908150
14.557194
7.996758
-0.837383
50.522404
47.794540
37.624424
53.715187
4.428278
34.270706
42.386543
42.742287
5.998496
45.901978
8.020361
66.245178
5.838970
17.331409
36.085991
5.971522
38.216854
35.223038
71.098801
44.753033
48.247051
21.452396
42.608986
41.792671
40.733479
54.403870
9.530273
30.502314
53.621838
54.181511
82.629105
19.849854
-0.372689
18.965603
43.105331
38.218407
49.501560
62.131294
22.971680
30.034185
65.192940
50.772896
24.511070
54.492283
61.601303
26.215950
36.125164
53.890358
29.741646
9.666422
57.497368
24.532148
48.397022
56.393059
23.398329
48.772766
80.410400
59.819824
26.855919
1.980442
17.875637
28.068525
6.983169
19.583439
4.236897
56.009945
71.451317
13.606103
7.283324
4.573427
41.158218
13.596473
34.166351
56.703777
13.468951
70.513466
48.386204
22.379324
65.497665
40.498421
33.005325
57.998230
-0.946311
36.534752
47.433437
5.079645
0.154106
50.289482
72.084122
47.891777
72.304588
44.870880
39.608856
0.753506
4.501402
43.822422
47.639435
13.793073
19.431871
56.346642
34.588146
43.589016
24.630726
27.197948
38.040993
44.532509
43.846947
43.448380
35.207058
46.383492
30.248869
35.022808
48.893997
11.125151
85.748901
33.626644
45.833481
46.311440
57.780174
47.946983
42.121323
47.478355
34.142994
33.353069
44.993744
71.523392
37.065907
35.446106
1.013075
53.599907
2.511401
22.187572
9.139656
72.274841
6.844351
11.813807
5.182389
90.896332
72.802834
36.624054
34.944542
45.415161
15.375377
70.712540
45.688980
24.999504
55.585350
1.521784
33.188145
11.978487
45.688602
1.712270
23.357681
76.177940
57.646847
5.323466
4.271711
43.805878
57.048782
61.684784
40.168602
21.514109
50.692337
37.701439
68.749016
47.438011
50.630150
11.944219
52.644958
51.994030
66.059906
40.632481
29.287771
19.546785
18.072645
25.181658
80.708389
74.365288
8.553453
33.680084
58.593357
3.115216
70.310989
16.542204
17.187979
29.165581
53.121277
13.657967
40.613033
51.546543
70.922638
50.099831
66.848526
19.598661
6.693595
17.614405
41.998085
15.087641
19.645153
75.856712
43.384659
2.660812
82.652206
55.255577
24.423916
53.086391
59.213566
39.684231
65.811523
87.168411
44.029926
29.999466
28.672852
9.472980
55.593147
19.439053
11.868906
23.308395
38.284000
8.663465
17.234158
31.712961
9.343939
22.718994
72.371887
27.352152
50.241432
3.779987
35.030483
68.724319
-0.945259
1.714861
80.719467
50.539062
28.741169
48.694839
65.299744
7.487868
67.741440
6.747197
31.396168
37.815361
83.738861
24.617840
-0.942108
47.923080
15.731773
41.148853
54.608948
17.784794
34.209530
67.371170
0.637129
17.350132
37.519424
17.629108
19.800283
57.386215
43.701527
7.975801
17.882290
21.972944
56.779179
-0.556323
45.765991
37.007881
16.514448
21.288136
74.321152
31.965336
39.066971
2.286947
-0.288627
60.729012
51.498856
61.853165
48.977299
51.062317
-0.240583
17.808502
26.080677
28.956345
21.235592
14.115952
46.078979
37.006905
14.343037
47.422318
8.163044
2.742761
41.240025
30.399998
22.029564
56.804016
12.071534
76.460472
49.178833
26.196369
63.727535
-0.811901
20.062744
19.014812
7.220782
33.188145
26.080677
15.613585
16.157717
47.610695
15.446362
52.202988
82.362968
45.167538
61.911537
20.842903
37.725735
44.310970
29.229784
16.129570
30.002903
90.843506
65.502182
51.946480
18.841747
47.545792
53.487175
57.136761
2.676131
15.438736
47.286758
42.165581
4.335493
38.337185
31.155867
59.454304
0.037587
56.890621
16.571815
37.183769
46.785458
51.470718
47.847130
66.419571
28.566904
33.645912
38.888378
46.099903
31.840588
13.922470
36.089848
63.422211
5.619934
5.154286
20.087439
15.075895
43.517399
59.518250
47.916416
0.435511
13.589657
16.830854
17.195374
3.187452
35.990738
37.154354
33.460564
-0.558096
39.492737
51.627491
5.393866
20.003777
80.386597
39.479954
59.098167
43.747723
34.054745
39.908367
28.703022
52.306892
14.071800
14.592419
81.623306
67.967003
57.328415
5.504214
46.399006
0.408140
5.051213
52.619350
52.279152
30.629906
25.217691
13.171927
28.236225
41.904922
34.586792
6.946211
72.918152
64.739624
30.238655
76.367905
12.211321
49.275028
4.816224
2.297746
35.670086
38.867596
31.135582
5.311383
42.354473
50.870094
53.575329
53.348618
77.638527
29.306499
77.338890
61.502838
7.232158
53.339680
66.588745
14.174313
39.492737
72.664673
16.745274
58.783661
20.334578
56.511230
37.357395
47.522774
16.859449
36.944618
28.440777
17.828146
0.768898
59.200138
10.804502
20.536282
22.930876
59.970383
19.431871
50.312397
22.340694
49.854256
28.373928
39.697105
6.631375
12.295750
61.909393
7.986102
59.245796
12.153608
48.224770
10.793350
28.735554
45.143616
19.692158
37.158501
28.995405
3.627384
44.215237
17.319410
50.825653
46.157722
51.805660
24.930258
78.750381
48.081673
5.273429
39.790848
50.155918
9.929530
36.884647
30.681484
39.987976
66.882729
32.305710
36.435486
24.662424
94.160454
46.994362
37.566277
37.051384
67.499519
41.243675
14.230873
48.705620
49.643562
32.656128
25.601162
29.679417
73.100990
49.675694
32.827911
23.305042
5.411800
36.215595
36.298279
30.054012
80.527191
19.469030
58.721260
25.266821
51.857201
3.542772
9.803015
31.117920
59.415756
4.281633
48.188099
46.921043
67.404221
23.815344
26.472921
49.822937
22.547024
0.446358
15.402493
7.811564
61.491062
58.367386
38.084061
54.607143
72.556671
59.839497
16.214165
71.281639
47.362663
-0.930343
17.067760
5.787702
38.439331
25.536398
10.954536
62.493050
16.665714
70.517929
28.020309
21.209885
54.118019
53.721886
35.800686
4.111417
9.096036
9.318298
31.510239
30.798357
22.109470
-0.741518
7.322534
70.668335
61.740883
14.233944
37.166809
1.307258
58.762367
33.763641
51.200455
40.311756
49.721664
48.611549
42.686932
24.802303
1.013075
44.869797
24.543837
80.350716
-0.560351
56.940193
21.265257
7.552328
34.820869
39.798115
70.431488
66.875526
63.648926
72.065475
49.967026
39.807762
8.489506
7.138265
58.113712
33.019154
42.019020
66.056259
28.106346
66.757431
12.366556
38.337456
7.951570
29.102125
36.480667
41.803200
51.050758
32.969074
46.806480
18.530161
70.454407
50.350838
43.742203
42.324333
57.024551
10.340179
58.780754
81.205559
80.030472
20.816021
30.343754
89.423103
48.106575
71.949486
4.444136
24.388367
32.429119
37.890915
52.608330
34.428177
10.870827
27.923328
38.623718
57.181213
5.903893
27.848808
35.346607
30.294521
54.384384
20.630768
8.431247
31.665281
29.649118
66.933426
44.981339
-0.946311
5.948964
0.631036
43.901260
74.736816
66.292519
-0.579142
32.255924
46.295906
63.311600
2.014825
-0.268269
38.119972
12.042044
65.656357
22.884169
35.828308
7.032472
50.616169
14.923554
39.538334
62.461945
41.914886
5.448267
12.939519
44.716850
73.931259
19.770658
45.576080
34.124241
2.683430
48.027729
64.833145
74.976418
61.285213
4.391043
63.768597
64.144135
55.351433
21.062674
37.318985
32.648548
81.302643
28.245016
34.441406
58.991543
83.464203
42.536179
21.386522
6.098349
-0.508489
79.617599
4.039811
15.870708
49.944107
16.210833
0.407003
43.733692
5.407686
60.614994
28.097134
46.097397
53.801231
76.098877
94.554085
0.944817
64.141251
13.813920
59.155659
11.854896
17.318785
12.474695
18.928467
49.810478
12.158232
21.767990
2.734412
30.493755
51.541153
79.002823
23.652292
46.951431
2.766864
12.809589
58.055191
61.647415
50.044037
72.549065
39.911728
20.730032
59.846840
68.782509
36.071762
18.036648
14.888882
52.702171
59.308983
59.397335
58.744217
76.743317
33.611748
43.343590
23.879623
16.729492
6.464170
21.913548
53.615303
60.590263
67.691681
82.362144
-0.946311
39.074043
64.119652
22.733353
53.174400
78.009537
3.882962
28.099966
0.207591
32.198914
2.069240
9.611059
49.819550
57.057804
73.064606
19.985239
18.239193
38.344769
73.305962
69.942444
11.120551
34.217636
54.975471
49.320198
53.189262
39.402645
53.363541
42.111298
62.213310
15.518175
5.503898
28.005890
24.551851
38.211487
41.971931
56.066418
2.737736
25.947376
70.468887
65.532150
19.431805
24.141031
47.745560
82.717232
56.775520
37.632401
37.015831
39.791702
14.342599
35.631226
82.501312
63.096977
63.548058
56.149734
46.735046
15.699891
51.966896
73.624039
20.759899
1.427176
68.989304
50.765705
44.140083
33.938286
20.100334
35.650593
53.257103
49.856255
30.388391
50.327385
71.012260
25.730536
21.505026
13.202705
16.283607
77.059708
21.127617
35.378834
52.221138
71.672379
42.228035
39.461681
8.925634
52.705208
65.576675
-0.917112
24.229076
38.570389
5.533048
0.326662
12.512646
10.796247
18.078276
-0.868358
53.589878
72.228683
22.412910
5.775379
2.189972
3.968806
44.771084
55.574257
17.834330
76.032394
25.919636
36.584053
31.489220
16.830854
16.776506
35.004303
35.445976
67.245651
32.492306
-0.946311
34.996361
27.507484
23.480665
70.509834
27.914358
47.043518
24.501245
29.555483
35.281273
25.029299
42.744942
10.372409
16.729452
49.748070
8.406733
27.022116
17.484367
39.491623
49.620743
62.053711
37.057617
77.911789
39.660229
59.066193
57.227299
74.070633
23.463408
45.315712
38.254780
21.751680
32.956123
14.626902
19.973373
70.886284
41.091866
39.447975
86.175560
17.816055
59.925865
8.765072
35.678234
76.554794
3.930676
44.246838
33.696411
67.777466
41.837143
51.443619
58.019382
68.253876
4.159187
62.684166
43.579346
5.659458
56.179359
50.456394
2.145099
50.825653
84.500519
9.461781
51.074703
49.662586
49.745239
15.847561
55.693993
57.518768
14.946613
64.424774
55.529835
52.598423
44.773079
35.890007
9.759958
5.182389
56.418949
41.312592
75.449089
60.876740
19.983263
29.500885
40.838638
4.822722
0.563726
28.647343
28.681965
69.043015
49.510551
2.664293
40.374573
18.109158
52.603172
13.204659
14.535317
32.639637
70.453987
42.301369
58.057259
36.689075
63.742439
33.188145
91.506126
34.500870
78.768265
53.006790
60.748550
7.556575
59.099186
-0.944208
12.677992
75.138741
68.272369
29.100672
67.519142
24.445011
68.607033
12.598869
28.764608
42.034290
45.900925
-0.576531
51.305172
14.843235
5.248684
54.795673
67.498581
58.616493
19.006622
61.828976
21.100586
15.179642
53.445759
41.157154
7.270187
70.326660
47.400261
16.495096
15.756824
82.237106
26.108730
30.091473
38.561241
29.469191
21.270458
12.049784
21.684898
54.626167
32.693253
20.097727
17.716320
42.452789
45.828854
70.318939
24.091461
53.993908
22.966276
36.533417
71.461357
40.927010
105.157951
43.795982
62.159458
33.715767
55.318314
58.686954
61.429756
63.409931
20.996386
48.862305
37.004330
46.174675
4.649973
-0.843220
59.888466
47.735485
35.365723
58.759422
66.275162
33.190666
16.717861
78.718712
34.976021
49.003040
23.508858
1.539309
34.440994
36.049690
59.629009
67.244957
77.145355
76.899460
60.582973
14.595713
0.140149
53.583973
47.793564
8.877036
85.075241
33.552189
32.678108
43.732269
64.689209
33.396503
40.360630
41.931007
26.592474
41.357132
32.869179
54.550369
45.070473
25.895321
32.242615
32.681557
36.886047
27.518898
33.286419
19.536694
17.388031
26.319881
10.577170
14.857748
19.611929
46.867401
15.475046
15.374146
65.108810
20.847898
51.947872
36.385052
57.392582
32.236546
22.519768
24.411882
2.406900
66.096085
58.588570
16.719133
-0.389519
48.397331
41.423668
24.026028
52.058491
34.954296
80.342514
57.006226
0.733138
3.929187
20.148743
42.464359
41.768852
10.190752
4.724931
62.609104
95.371315
74.875153
63.205761
11.629728
25.661041
59.693653
10.061800
28.664001
54.716858
67.232895
56.180187
52.459923
15.598692
34.391762
43.160389
39.111919
56.023743
53.248158
46.164814
43.614944
81.135796
58.565826
71.071182
2.255794
54.485424
4.936982
24.717255
39.382225
1.421232
4.858633
52.048759
43.570831
30.211090
8.777357
6.189836
25.619247
6.448269
36.867668
1.746659
58.209419
29.169861
63.085274
75.779846
32.836918
15.830470
28.787262
27.195671
22.483450
51.957703
0.392429
16.026875
35.264584
31.056976
55.233818
52.020164
9.871166
16.340101
9.350786
23.478069
62.068291
68.349640
5.948964
61.618019
8.905749
69.318924
64.308243
25.630688
43.941200
44.281532
54.605762
28.485565
33.938286
33.675587
57.093407
-0.205605
28.020657
18.061773
19.732819
51.835876
10.739073
53.570267
33.594463
55.715958
6.894600
15.157301
56.611343
35.557228
3.434090
18.230770
70.755493
47.860245
21.274162
33.309792
3.863440
2.936482
25.741596
0.035242
54.227062
16.424904
2.952450
55.422348
13.728803
41.092850
35.332413
93.676941
15.597958
23.715010
32.252754
57.625877
58.973087
28.936728
31.170818
27.820181
52.521881
9.033857
35.128056
31.288496
12.731318
10.870827
30.950886
28.008949
35.328781
16.579077
58.901398
23.028963
34.536140
59.162903
24.552505
105.499382
38.975086
26.957104
-0.542596
32.013775
14.907921
22.891779
47.781204
46.316517
50.323311
-0.278941
49.728539
49.533447
42.602585
40.976780
37.037571
66.144066
14.946613
14.651039
81.449707
56.801239
-0.946311
36.762108
6.249551
49.543964
11.635335
12.298798
50.730312
16.684586
1.827853
48.891724
57.265446
23.356691
19.226942
15.275366
-0.930343
3.787050
75.744736
64.113190
42.584728
22.471365
48.481804
3.120578
31.411915
30.459633
28.780216
96.207840
43.169411
73.578064
79.129517
80.908096
9.520061
48.420055
31.316376
69.430771
60.241322
62.103767
34.190857
58.566353
75.369240
40.577003
12.233071
56.234890
73.409119
76.720352
37.285946
61.534782
9.555057
52.252949
-0.622345
8.129930
50.355663
72.764198
58.691700
45.348022
2.891667
52.721542
7.328288
13.417687
50.569016
58.654289
47.096588
6.747197
50.526634
46.004322
67.635201
21.628918
61.290482
50.423027
63.672012
19.331987
28.583935
3.434090
11.530138
84.674240
12.695009
10.246083
63.338627
5.217495
24.443829
44.448399
17.093981
42.632347
13.820332
12.686888
21.298597
6.580563
44.808983
57.329865
19.657549
72.026146
64.526199
61.808311
26.397282
45.126137
27.112808
71.619659
61.420456
4.179885
61.161697
16.338507
44.507675
13.856337
44.504845
13.261623
55.456741
34.072544
14.750662
22.288410
56.502331
66.307739
79.882637
14.985082
57.412247
86.377747
62.534985
0.084041
62.470245
66.267334
4.198577
19.833910
75.258118
26.490246
61.115711
6.510573
41.355476
35.281273
56.625851
44.070274
28.246170
12.600031
24.411882
58.942745
29.832487
13.064108
39.734360
35.934238
80.461395
22.589931
23.074409
40.946289
7.799898
19.301874
52.856178
54.094833
56.252914
23.371201
43.585052
42.389755
66.876785
64.520798
2.418825
26.471680
30.201603
55.622738
49.043686
24.612602
1.045988
51.902596
-0.541941
7.331789
43.865757
69.234680
23.989859
66.832253
20.971319
68.025177
32.628746
-0.590963
2.266038
49.544945
69.975677
11.382650
31.250191
56.981426
51.103134
33.778946
26.249123
5.317221
29.208471
27.490934
26.019648
24.815876
43.085976
52.401093
30.353308
1.223822
69.872261
72.652374
9.838686
66.769653
49.283539
34.424110
43.480785
22.914818
52.020924
51.846333
63.967934
4.111417
11.389702
47.215851
32.051193
26.693615
72.900360
47.643234
-0.946311
90.715637
36.538227
13.013151
74.739098
2.676552
70.883217
30.606913
19.206692
1.383432
40.624397
45.841011
42.694679
64.640846
58.758621
10.588238
21.159147
65.653969
32.888020
36.361519
74.587349
1.952261
6.708968
38.939587
7.634254
15.152945
20.261101
52.471798
60.472469
69.407997
75.895988
44.485756
18.348309
66.862015
0.140149
12.527542
54.998623
81.899994
21.267870
31.697525
54.473408
48.998306
40.177681
39.136765
47.858887
54.470020
74.473068
59.326279
28.840363
24.158886
7.874483
28.423756
43.730190
78.845566
15.564280
11.537930
32.914429
38.645790
37.700676
28.400921
57.580070
54.898125
26.148663
6.541315
81.606918
6.183053
53.357441
11.287239
53.332077
12.302485
65.670654
66.704895
26.650379
45.093185
37.844109
54.520409
54.094387
3.541486
35.173191
39.283649
51.209995
6.350005
34.321907
19.573345
11.373816
39.325924
71.685585
37.374130
6.394511
52.488270
35.933540
17.415392
46.326332
33.589355
53.963882
69.935684
12.279848
11.373816
69.892090
68.639801
83.005386
28.525337
51.662563
12.945990
30.418097
3.224406
53.424763
28.971420
46.429405
45.774422
41.456055
67.202904
41.953491
61.200905
63.800449
32.054230
22.426598
15.830555
71.595329
35.690670
30.997215
13.609506
13.515326
7.696463
21.167187
12.107305
33.856247
9.914824
53.025745
12.039385
43.733093
2.247193
39.261993
20.293142
8.268050
33.389381
59.593281
11.539088
79.680634
29.226528
4.710240
66.748222
44.666759
46.820930
35.454865
13.959963
53.971130
67.490051
21.198921
65.106323
64.519226
48.883018
28.511074
22.239399
69.438919
46.227104
29.066656
27.448828
76.450424
3.787050
8.487864
20.162237
20.693062
50.790245
74.479767
47.241013
48.127144
49.312832
50.659920
31.224676
0.872296
50.192627
52.766472
84.640717
46.388237
26.998133
57.885155
33.259907
7.452890
63.132870
1.202912
38.342583
11.390615
62.682724
64.527191
37.027565
59.199692
36.642418
49.410103
44.612442
43.916546
61.178761
29.219383
32.481880
20.305845
46.785717
66.636520
7.747727
1.444152
72.451447
27.333086
28.307287
79.028748
59.799995
41.159683
6.691070
39.584538
61.979233
51.705269
19.507975
36.944016
58.135071
65.880775
2.050085
30.320524
40.397156
16.530735
22.514286
65.168213
67.424576
12.091029
49.704643
42.430004
20.324505
7.556642
28.959702
2.604045
64.229050
35.631226
40.712044
66.811218
74.433441
43.498619
52.540806
20.960934
11.961823
60.445446
56.165295
37.409454
12.321590
15.431708
76.439117
8.811943
44.355431
62.871552
6.169050
78.118637
61.574551
9.950140
65.239075
37.816139
3.882962
2.626753
36.204140
67.612076
48.785934
34.762085
-0.632872
49.575871
63.534798
15.130959
22.357903
44.044689
57.535439
47.137032
36.850819
7.264513
16.280743
8.052034
32.328285
35.386925
0.639734
30.851377
11.734402
28.048300
15.358197
41.153961
17.896172
24.736948
24.168377
20.030479
29.100700
57.624153
76.902267
28.029144
11.067050
6.512977
31.207333
58.590240
13.677504
66.867508
12.015797
36.513733
90.147766
56.194462
28.633877
9.912470
44.354973
40.472321
47.438122
6.659528
50.629250
30.371023
61.150562
4.428278
35.764343
28.543192
28.837284
59.646248
35.528976
43.113289
18.294395
67.748238
81.334885
50.022144
40.774658
16.231363
39.300457
26.173382
53.205101
24.966785
29.960682
14.848835
44.963402
68.349022
62.562572
15.555633
41.930679
2.001764
67.817322
24.390522
7.694583
87.508766
71.633484
66.737137
77.991196
46.970413
37.232063
54.277653
5.373000
49.932045
40.427082
58.034561
33.780144
52.659660
55.676208
68.810501
23.045425
72.231972
64.128036
49.251568
25.499489
26.739388
51.662563
5.830377
32.548752
50.565735
49.028896
16.172138
27.591785
38.474575
48.538437
11.613979
37.919556
0.168682
54.795433
30.504425
25.832014
40.051769
34.319176
44.798820
24.376955
23.370548
15.951206
19.536694
47.611877
5.175493
80.533432
53.801987
49.148079
62.539856
83.136131
78.060760
19.709660
28.823046
43.946098
61.028263
9.675987
86.722900
89.222908
76.168106
3.731123
5.827911
65.225754
40.535381
40.169289
51.803566
28.274345
55.692749
77.710197
60.813850
16.981056
17.536030
18.795120
28.457584
76.378853
7.944405
33.657356
70.747787
18.109402
7.658973
28.845938
27.788414
26.770638
49.643967
34.687111
13.644753
32.817993
35.373913
52.769669
78.663040
7.247279
18.068829
26.411249
10.096116
79.777679
13.417933
52.005032
23.541969
6.240248
4.683283
0.161948
68.132469
19.389326
32.717449
32.262249
15.759596
17.490585
-0.262162
70.108948
32.679958
14.344657
20.534824
79.668030
43.177822
63.211662
15.062361
66.972168
58.770798
45.931248
49.426842
23.363621
64.756203
71.121918
78.734772
64.451248
56.271187
3.073240
29.679607
31.590708
76.434296
13.880510
41.160820
31.499041
74.075836
51.958996
60.294502
38.822449
21.739101
38.250740
2.091940
58.587868
53.481205
23.199909
7.733426
17.683332
20.096802
15.161046
26.131748
55.138916
34.737408
10.173167
43.519344
36.532024
61.490028
15.638998
77.266823
22.172218
2.835236
51.846470
48.317253
31.486828
11.838286
49.133785
-0.946311
0.770720
24.010401
45.980576
21.436932
28.136002
10.428545
26.052540
26.606869
49.817863
65.892387
3.733228
35.745193
41.437996
4.616667
4.918601
24.121410
48.943810
9.469818
5.700076
31.840889
53.812466
34.062477
46.530884
67.685989
12.817298
79.287292
7.181845
38.300339
37.761444
9.719855
68.954887
49.643520
15.298403
13.735710
12.335592
35.828186
44.605991
14.011375
45.123283
1.642888
13.304389
52.721542
12.562132
39.050369
5.266462
3.828381
61.166355
4.875490
58.471531
12.592853
27.756363
58.070045
48.123959
2.604125
49.307484
4.008572
89.357018
20.843801
-0.757583
62.153427
39.632500
50.431969
11.440338
10.199589
53.728901
53.558693
25.639849
24.657558
2.418825
63.299465
87.604744
32.272583
14.636857
71.505280
49.119419
39.904961
44.042084
85.022079
57.600586
62.542717
58.775452
8.674088
67.432961
0.815535
27.850763
28.909916
6.284680
57.757454
9.815223
24.010401
33.268925
31.529076
68.527977
2.586583
43.644020
10.192896
41.260323
25.867321
51.463104
3.912933
45.866173
53.738850
40.776600
8.280983
46.509197
13.468951
20.374840
48.098450
27.802122
66.227257
20.324505
11.403113
44.645161
61.599659
37.851986
34.449295
3.025678
47.633133
18.818518
6.638690
39.826416
48.991199
24.783482
46.570442
26.961529
28.213902
34.317604
24.560282
85.217239
20.450991
58.572315
26.445515
0.778973
29.117022
11.341031
61.123482
86.089554
59.756702
8.691679
22.545504
30.593985
-0.719498
40.508736
70.841240
54.673195
39.629963
33.845177
51.952751
58.349861
66.600494
16.400181
33.197613
95.904961
28.645052
44.236858
48.503174
46.866390
23.210575
37.147804
12.046526
19.223568
14.231371
63.571236
27.014790
68.660439
55.509071
30.303606
44.451889
36.015282
77.207863
70.417877
69.363930
44.745865
49.558952
79.798714
36.642265
12.796048
61.519936
3.261180
64.246323
40.223312
11.107607
25.044268
16.289793
62.249649
65.980301
3.067344
34.206684
