59.648853
14.031280
64.008377
45.561951
29.591553
60.967789
52.454567
9.835548
17.589800
9.359813
54.521042
15.590617
30.458050
51.639191
50.212959
52.716541
8.470379
26.484776
45.180683
42.889660
27.872307
48.074348
49.160713
37.709274
40.107189
14.040003
37.144844
31.018688
63.853230
8.040359
35.098740
59.519417
46.600418
47.529976
34.174137
27.760357
57.960739
61.901108
29.109085
64.799973
18.157734
43.505341
57.455009
32.862160
8.012535
8.922790
79.904373
33.824543
14.252171
37.144070
25.407120
48.500008
40.582687
26.226410
92.491264
73.984062
72.270523
73.000961
54.159996
73.045670
45.053963
28.415718
53.324120
65.486633
23.007700
41.252495
16.455446
75.590591
22.640438
8.011386
56.879875
8.152317
11.767917
67.080261
44.214996
72.002129
60.169769
17.608784
61.629921
70.217697
13.983452
31.148655
45.341991
50.515770
43.154144
25.883709
67.807190
61.548782
69.181610
41.891594
16.551008
8.021672
61.672298
23.241806
40.607723
24.162863
52.245106
18.951790
59.762344
22.988470
36.608772
49.864967
45.521618
59.070923
8.296868
33.265400
31.981583
8.081471
8.801771
8.011386
31.326885
44.078400
69.309196
21.860760
32.938087
31.450417
80.174828
26.035206
84.195786
81.425758
25.215282
58.243320
86.550812
37.865700
19.986370
54.935287
40.990856
40.213173
66.553497
66.252258
26.502239
23.483145
8.011862
30.593529
18.227848
76.546722
72.072960
56.099319
29.112282
14.870756
58.389561
45.188896
46.433380
51.950325
59.079819
65.252876
37.979851
81.479637
31.655800
48.022900
63.691006
30.912479
71.039330
80.776215
54.908344
27.948158
61.561947
17.936359
20.614635
43.299728
25.338684
30.877941
71.220680
78.225716
11.825493
52.020226
55.363209
27.815094
12.237788
68.923157
9.475645
42.009968
33.940163
25.286526
14.558182
49.582008
33.439461
36.549397
30.720779
65.072807
41.246643
37.730541
50.263088
71.426163
44.285088
19.021545
75.882240
34.928471
44.926632
45.049667
32.377682
32.413551
39.252602
14.535990
8.081471
63.123215
20.372890
17.962135
39.553150
44.792442
79.054688
50.784813
42.565102
13.190823
56.799244
39.946766
50.458138
37.876171
47.052895
22.672743
68.024864
82.506607
21.296822
25.388287
12.156139
28.125999
34.130535
55.127102
12.470257
52.111755
25.768250
22.486511
47.756050
34.588150
46.080364
63.200745
32.301056
43.274658
54.220970
67.417717
62.799198
9.688317
12.460775
68.152290
25.326668
71.005096
69.940369
62.131302
96.012398
32.267792
45.471886
60.913746
85.532181
79.044754
78.889572
86.051239
8.959222
45.399719
32.287647
61.884712
52.282173
8.012338
8.053312
8.062905
18.604702
31.266357
10.880743
21.279980
34.115685
58.675819
35.833035
90.331291
31.514725
65.330086
50.976398
29.380447
19.789959
12.355657
42.399632
17.597504
47.743904
42.171272
36.456535
19.477692
68.469925
21.860760
53.503525
23.197048
78.628906
51.701485
52.329514
59.501133
61.534973
38.823128
61.047668
62.841690
20.603031
9.277416
52.520512
21.490660
65.852798
64.410088
67.441986
37.803993
9.460240
16.476345
63.345901
41.312588
37.389866
55.314468
34.251770
40.056141
35.955910
27.597492
64.972725
58.480461
73.690567
41.482430
29.582088
50.901459
9.359483
18.134954
30.891926
47.130188
60.197075
31.674412
41.031113
45.971394
12.116555
36.465340
78.766830
23.594320
55.797634
70.019287
63.488029
71.371468
15.351833
41.083473
11.639960
81.677811
53.490753
63.390221
20.868025
57.481461
33.643879
62.915318
69.098465
8.556721
16.948723
20.607471
84.055405
68.382042
59.017906
88.113556
14.973844
44.727669
17.851376
10.627434
23.069183
23.967442
30.495312
80.251099
20.308537
45.530472
66.221230
40.130604
27.358711
14.566164
17.068474
60.829239
35.387810
43.046677
53.451458
53.508270
64.143272
33.101742
8.108332
36.946045
47.510147
56.743851
55.597191
21.323185
15.220114
8.304246
26.109772
8.948763
16.448887
18.518337
23.600912
21.956034
65.064461
74.199722
74.501015
28.896370
22.890041
34.245274
80.758034
79.825577
38.064854
39.760830
75.708488
51.639053
24.611675
37.143967
71.104347
53.635811
32.469639
52.442116
15.698884
60.751865
23.980183
53.237980
64.151436
59.711960
29.430202
49.098572
16.059891
75.871178
75.354805
52.432426
51.190464
29.869213
81.248947
22.195179
10.474147
29.870529
17.031601
8.839057
40.123028
41.667625
47.665493
40.906212
14.306452
34.226894
80.175522
24.887529
44.777370
35.859463
20.699402
57.895851
8.881759
18.933804
49.742229
30.419777
55.344505
8.074063
48.185402
81.332779
59.395767
44.680313
77.179039
61.472183
53.989594
8.884004
47.905983
78.899048
41.471054
45.439754
59.191467
44.566151
33.500744
66.572723
53.623600
56.226868
57.290600
20.007362
38.755062
32.901356
76.308212
8.015541
43.073982
32.232174
33.892376
47.126640
66.860008
21.208271
11.128483
8.011386
61.156315
15.350881
30.343845
66.548981
51.809799
80.112411
50.763935
8.642027
27.497231
44.868256
65.462090
91.314247
32.621086
20.938995
16.307056
33.431847
51.579807
86.925537
49.821682
58.668224
31.661503
67.848221
45.056580
42.732754
13.273261
8.107880
75.733162
19.378044
27.374840
46.409882
24.225384
69.534210
14.794066
39.164677
46.254967
74.267349
70.034927
12.899356
37.136833
21.456585
35.452667
55.811501
14.066235
46.764481
30.895153
46.721191
20.988514
36.421848
60.200851
74.986031
8.012196
51.224575
36.782307
18.184319
19.659107
46.307060
50.602921
47.599998
28.429150
8.331490
8.120303
22.450306
39.341507
48.421471
26.946060
36.057739
34.007446
48.748722
53.183552
77.812149
17.452427
9.001266
46.387634
58.987095
48.049408
16.937046
51.973969
36.207897
48.191246
45.873077
23.233885
43.602196
14.680424
21.764750
8.057802
66.635620
59.600975
8.011386
56.957283
39.008568
62.067421
29.462109
38.242599
76.329422
59.083389
14.700672
8.093009
10.699730
36.801014
34.029320
24.052280
44.494232
61.788616
28.302441
47.583473
51.071938
19.319729
31.631252
35.394451
24.826244
70.721748
8.938265
24.788927
20.662172
30.788174
48.547440
32.469727
73.215378
33.256531
18.151802
44.149414
14.968210
44.287960
32.165413
34.322830
44.465176
71.042137
61.488838
38.843075
35.153397
69.646759
49.447533
81.791542
36.684532
22.883511
18.582947
47.119568
8.732035
52.665123
25.869072
48.950127
72.897644
46.106083
8.011386
27.028854
65.702629
46.409275
63.655899
44.929077
11.129360
39.711510
52.767033
10.786419
42.449493
42.462975
8.780570
30.119209
72.270332
45.035690
26.686253
37.516396
8.028094
25.069752
8.501725
33.940895
35.813541
47.464764
70.493820
30.520061
18.514858
21.313984
10.666337
61.001160
13.578850
63.616676
57.531082
13.197893
67.209694
36.687714
9.346788
32.175545
64.061417
9.355224
47.996521
71.273132
13.749846
32.192932
68.337212
52.644165
48.239380
29.198162
27.479923
69.968597
104.280266
24.775002
39.434765
16.872417
17.525661
8.011386
51.245949
13.278734
62.925522
58.402122
57.915047
78.493286
23.632359
92.781670
21.592152
77.546768
40.464645
36.169285
56.098793
21.560783
60.491112
8.080863
80.687309
56.614353
25.042458
81.415527
36.439442
21.185108
21.632141
25.948841
74.680374
48.924538
52.022575
37.729248
45.137604
68.700142
26.399551
68.744484
18.269260
26.743843
134.481827
30.302765
58.682045
24.223381
8.581364
21.764750
51.318573
70.500275
61.827095
45.035690
8.196742
38.091702
68.153816
44.920254
23.389332
9.167799
61.791988
52.416447
51.977699
12.820629
69.018471
55.165901
8.107248
88.749557
69.790039
26.791161
43.846916
49.311974
24.911617
33.642944
50.270248
41.068874
43.326965
47.720535
27.151379
81.754944
24.356634
47.803352
49.431625
27.055271
43.116989
8.673937
9.677620
50.458878
31.885422
36.451851
30.952873
34.579449
73.044769
38.114067
46.532143
19.129395
69.301491
22.894371
30.739254
38.167206
16.083881
26.751537
47.598015
30.053623
64.537048
35.666336
19.708893
40.966099
67.457016
70.459137
14.301638
65.118744
64.889923
75.397499
28.106895
34.345715
34.825565
70.352104
75.996010
74.971191
12.519346
32.013535
68.111443
32.347202
63.549194
59.847191
81.482635
37.758766
39.956558
50.379528
57.232937
18.559494
8.012918
34.319786
68.696075
13.728958
23.558273
38.567749
49.110847
33.452412
12.921956
50.964638
43.926094
70.916420
9.413680
35.743843
29.028751
43.389652
62.046669
19.153797
95.080872
55.404579
77.180145
39.342098
40.905037
70.837173
70.724678
14.836813
40.360424
53.629448
76.604958
16.412766
58.791893
44.375618
54.955402
74.345978
42.709023
46.321938
23.982891
53.128571
63.634342
9.664419
53.166935
25.297710
39.433132
47.523132
34.445553
30.937145
53.769028
8.011386
48.510479
37.500732
39.116589
63.244400
23.815269
62.299427
46.133419
19.131824
75.159409
60.908836
75.518875
32.419628
26.898911
81.348335
62.663792
42.230076
24.940281
53.329048
14.908479
54.717655
46.221642
8.114085
37.593338
47.714993
12.689171
15.789588
40.106850
52.888969
50.272114
52.152065
49.775871
44.880379
64.607491
42.549652
23.536348
9.562896
55.609142
13.547517
44.122398
64.342125
22.908436
49.934940
57.956802
58.802460
70.358604
45.549118
37.171761
59.347137
30.050533
56.234749
54.457928
48.764595
69.888245
67.327179
68.025352
43.062786
37.453949
74.560959
25.037090
15.541162
24.573952
28.395977
43.229973
15.394943
25.446381
81.953369
44.318413
57.098537
13.944826
52.801357
75.852448
74.213486
61.695480
33.059383
76.788574
56.570072
32.996700
55.646561
51.064346
44.872894
48.067062
30.094482
53.581585
59.309898
61.621151
43.099564
8.070640
68.309731
82.744720
74.034592
54.577965
26.620422
22.898384
13.783567
52.221519
17.123249
22.587629
27.731709
71.233994
69.961334
70.935120
37.276268
54.270832
12.443390
40.056702
29.223679
15.230606
24.533905
20.662172
52.097992
32.828812
56.751808
8.458054
10.909658
21.385056
33.696819
67.280914
30.267223
79.717216
67.686958
32.967316
51.661873
66.199234
84.411568
33.270584
25.195572
22.552200
75.890854
34.966511
68.337219
16.995766
14.131739
10.800014
17.639896
52.892822
24.449076
67.117424
38.957535
83.525406
34.335495
19.979258
35.684780
50.532326
10.260765
69.248291
66.258514
69.486877
53.136337
64.255829
39.198132
20.593185
26.644146
21.380671
22.617149
28.711559
32.334362
48.907791
56.186497
50.493137
54.385174
37.228436
12.477920
60.822159
42.660904
38.173256
75.060318
66.493378
42.979286
69.834663
20.111088
64.928894
8.102588
17.121593
23.583359
16.511444
54.448944
14.674063
66.795441
8.641546
53.863518
31.399647
69.183693
65.748795
26.943806
51.629196
37.982319
39.047787
104.280266
25.192841
49.580601
28.258034
61.942566
74.333313
38.522598
8.014197
54.392582
53.578300
43.523312
43.100941
73.651260
29.749638
65.540428
8.129540
56.923828
81.683899
43.706833
54.342255
83.206787
45.132607
34.069538
56.259026
53.138996
40.259319
25.445808
33.360893
80.496140
29.403839
74.238281
31.621883
79.587471
54.280861
26.194881
85.367218
15.906240
14.691170
8.102588
23.157963
60.465542
47.017738
59.330494
43.739140
17.525661
31.423626
60.738991
22.111816
51.889244
47.268478
71.324471
36.227547
60.109241
59.257076
17.764248
27.579643
43.724564
41.083496
28.877949
64.503548
50.201439
46.061787
21.721535
61.670647
69.716286
32.066319
34.369778
43.530525
58.627258
59.133858
34.609852
26.175323
71.892944
22.280117
28.125378
24.925858
45.128296
63.712204
14.882788
48.098053
47.116947
20.054234
8.153411
65.538574
44.929077
36.123032
50.485451
42.240574
69.309738
11.541570
16.132561
42.203724
16.231335
35.489651
66.064323
36.109756
56.831688
38.194977
71.581459
19.430950
81.677368
17.373163
57.248768
40.020306
41.207333
53.600403
71.283005
40.377544
16.672592
32.216400
8.057802
78.214218
62.386322
47.912930
36.743999
61.534973
58.395462
17.215740
68.135208
27.335239
16.466824
36.115978
28.548080
40.929806
38.275204
35.849346
50.845562
59.195694
31.780502
54.971397
55.826385
15.044947
33.221844
54.770962
68.804001
81.760162
34.114456
34.176430
30.292492
57.525600
15.972128
40.974285
38.780453
22.443195
19.629856
80.148430
54.557316
73.419670
58.529675
42.009914
76.676743
10.596615
8.103897
45.960274
25.010250
66.991035
14.788676
8.011386
11.645306
66.570107
53.280655
14.453422
57.398560
23.186077
66.578888
21.823246
80.023880
66.990845
47.389809
11.745480
55.311920
64.645317
37.510063
40.877510
53.989433
34.860226
33.629478
70.364708
21.378361
39.539333
61.988228
63.658699
72.843407
28.558678
60.683334
34.470928
24.720242
26.510025
33.702534
58.001144
8.011386
68.929459
78.555954
31.707401
79.605576
32.576313
80.931870
8.176144
114.795753
83.909668
33.767387
51.357643
75.451942
29.536148
27.357124
12.667210
18.286900
64.277336
25.815662
38.290035
8.315234
66.632416
13.083020
55.094952
35.943092
63.735779
31.602158
81.353065
53.210423
43.423717
33.736717
59.253746
8.424923
51.178547
23.376175
53.869511
29.982906
72.939224
58.171715
53.803864
39.367214
68.828537
52.768410
44.306465
36.904991
79.686798
56.007729
44.274399
44.519699
44.200260
27.063610
66.338539
56.363979
8.011386
56.639179
15.794414
43.840080
53.371307
53.505806
22.359123
28.149723
69.600052
12.427935
45.462883
58.726860
8.601565
63.705357
32.435192
24.717251
23.047760
92.509209
18.568024
27.064880
41.539616
50.696701
8.941892
82.202866
43.150257
66.866226
65.764900
36.498760
90.539223
35.734032
8.034815
55.466988
29.616093
8.015979
55.900272
55.408939
37.493980
8.410326
8.692986
31.457153
28.546944
24.736507
33.229996
37.342136
42.404999
33.298019
42.707062
16.999338
60.206120
15.444642
29.891426
73.488754
57.189003
44.616989
72.992569
45.882603
72.469978
48.006626
77.668076
43.221027
69.125336
39.340240
71.317070
10.341787
75.358047
27.501038
61.295906
8.315234
34.664803
16.668369
28.138832
53.439934
16.378286
29.419979
12.301863
24.385815
45.017784
15.848184
42.655033
36.310043
33.474422
68.481979
79.910156
45.090183
63.696194
27.274139
72.082855
22.499386
75.080330
12.248096
10.510342
48.828094
84.356384
77.695465
55.891994
33.870930
55.612900
50.541031
35.228924
31.853928
55.295357
41.393898
8.011386
63.667473
60.316158
44.647491
63.069611
70.434677
84.446442
24.720192
51.935745
60.589230
53.151917
35.451973
60.761551
8.159092
46.356148
48.526890
76.184708
34.943874
20.471027
31.998470
67.941284
53.270542
8.066569
75.577187
59.520050
23.849884
58.140362
8.036716
56.945198
13.354769
31.667545
64.898499
62.827118
65.081642
11.275883
30.396835
24.913174
47.942757
32.454487
66.309799
21.199715
31.911205
51.527328
8.011386
77.186890
52.036102
55.295753
49.439682
67.496132
10.078784
21.632322
40.556835
28.834518
42.600384
21.101566
63.436436
25.887814
34.258324
32.945618
70.887169
39.721451
30.465282
55.277809
84.006538
51.292130
53.460617
37.917526
108.454147
80.860947
58.738335
21.127083
46.550816
73.298698
53.952534
24.075390
42.172844
33.170872
62.300026
25.344505
36.140289
49.934940
37.626030
62.320602
60.535324
39.259945
28.081078
15.141930
76.917610
38.826485
31.532177
18.130581
9.677620
14.854124
50.295021
59.995369
8.011386
9.718842
15.925686
53.318169
60.988468
34.945206
47.020287
51.981281
29.563671
9.424039
27.146648
21.501720
74.223000
66.901695
8.011386
23.986435
31.032856
9.408096
39.831257
51.011078
18.758797
29.195236
45.942062
52.649521
29.309216
52.856689
8.011386
13.463305
44.345398
45.474693
33.444981
44.131702
43.088264
24.768326
45.127075
34.828579
44.030243
18.817299
22.897106
81.789940
18.430519
21.846313
39.655205
25.665848
35.434788
23.646603
44.118656
54.097996
87.855957
39.603664
58.513264
36.879887
21.402596
57.981743
41.802395
18.041079
92.586731
38.413555
79.906410
14.005262
22.577477
50.021156
42.820595
42.866898
58.617058
37.989773
10.401364
66.923531
45.399128
73.258400
62.802597
58.896641
39.533745
73.623184
59.069016
65.524620
10.082994
51.225822
63.831787
20.467152
15.053684
59.146915
40.720165
69.684387
47.491322
60.623108
59.644867
8.011386
64.532120
39.153244
55.045456
29.098339
58.987305
54.648418
20.988045
63.951019
35.688274
16.089226
55.024376
10.664498
14.648762
41.101936
72.257965
8.168371
8.128255
41.681351
81.885277
22.940155
52.965000
56.404289
43.478271
18.259548
41.599785
65.437012
46.095646
35.282574
110.074753
44.959755
54.257324
50.349052
65.389931
65.096436
8.011386
76.313629
10.419550
59.359020
75.733444
79.327698
96.526123
39.047787
62.228455
65.391792
31.875767
73.788414
65.656059
36.464218
68.028954
24.069511
44.694839
30.584316
23.980183
63.577347
18.451557
23.387558
11.240871
82.510674
51.167484
47.381500
33.777153
74.409882
36.294548
58.773949
46.630814
43.864803
33.284058
11.672663
81.051849
63.853317
26.032837
68.303955
26.085575
39.425686
19.085247
23.547951
27.390278
46.834805
8.011386
68.152573
71.663094
30.472530
70.756340
79.468277
80.153763
59.816551
31.354118
60.668869
26.781872
71.684425
56.492115
38.650246
59.091076
58.209297
8.649188
8.166414
8.093009
15.473742
60.777840
26.809841
49.935738
26.566963
59.853088
64.327461
61.410934
8.168983
35.763008
72.659943
62.917625
48.764027
18.054846
39.756443
52.687286
55.423260
24.479208
21.329826
73.506363
42.225426
8.042524
81.788521
63.691940
24.004818
17.453035
8.879035
82.794991
41.006359
51.016212
18.953663
8.011386
48.006371
49.145035
10.030508
50.150330
49.269802
73.053818
49.656281
53.751137
32.346676
89.848404
48.731346
51.604370
20.554459
47.499413
35.131042
38.031040
8.017322
60.733742
63.004524
55.712143
42.217030
70.449715
58.851463
16.634609
40.090317
9.283472
21.771172
30.081371
67.236000
78.914764
8.159049
87.078156
65.586983
76.160812
8.470379
65.496651
52.295547
31.289051
57.410603
68.535950
40.360924
38.264191
57.935524
48.501217
52.575596
14.305024
65.621704
10.429322
67.528969
15.464947
40.707836
54.902241
31.444565
57.290600
57.311996
13.545715
40.418564
8.296868
39.532829
67.700104
23.445915
43.517654
10.824429
86.236176
66.263611
50.805626
54.072151
32.266659
19.726681
46.327217
62.757477
45.129684
40.178608
64.522781
48.251144
33.714645
109.616158
45.895500
18.692738
27.267166
28.957214
69.203056
18.227848
62.630707
11.094695
72.975388
8.011386
37.013969
61.438377
59.278358
12.752256
39.965271
54.388672
45.419785
49.016998
43.512142
38.143333
58.630398
24.725533
61.540974
83.199387
69.427155
29.080341
45.292461
63.662231
45.891434
29.612854
63.993065
28.363716
33.726410
8.011386
8.410443
11.743843
25.659721
62.336090
28.357803
42.324173
34.461212
33.721268
17.785744
80.751663
19.963509
26.624336
26.654186
14.877415
63.068886
18.847704
81.459190
55.457909
18.964962
27.444088
34.024750
39.748642
88.478134
55.385628
51.529911
46.289394
73.806862
8.597372
25.709171
48.793583
78.361938
9.532570
47.809242
54.556725
21.321783
64.012840
67.922424
79.172920
62.544403
84.676079
35.370739
85.194504
72.832642
8.098595
8.055342
52.551071
64.090668
30.945068
16.267567
17.053608
34.990215
65.166954
27.934135
31.894573
72.659943
33.183929
73.918533
8.055342
56.004765
27.174175
54.929111
10.557288
48.162971
57.021599
89.210358
72.601250
46.706097
20.593029
94.856674
10.957344
37.023796
75.713440
62.079956
60.006393
48.034473
50.119484
66.474915
72.391205
25.660336
42.470428
63.198975
65.764900
38.823128
37.225506
83.963234
58.920189
8.669039
71.238098
71.969788
63.577431
75.439468
20.588408
8.879922
16.425491
41.789875
60.409668
47.586948
21.315346
20.150906
11.541570
57.401356
68.486923
85.722824
71.244682
8.203913
66.600906
49.936287
16.998125
36.153324
38.387199
54.572605
8.302990
54.975925
41.052612
77.882935
40.591137
70.425156
16.153631
15.251926
59.589897
57.878578
37.354523
9.175345
35.293930
28.924622
18.674101
11.675211
50.521893
72.334007
33.231209
11.138012
69.423126
47.932724
18.252323
18.026516
49.226734
31.941254
31.993309
46.100742
29.581558
84.643753
35.140190
8.083452
89.721970
46.137341
33.755375
74.761139
75.039482
38.541073
14.991089
29.380219
77.404633
43.612003
28.233410
32.475655
34.851116
9.229503
87.507034
36.866337
53.523922
19.881880
64.353539
69.376671
67.764511
29.160709
55.394775
61.984703
70.123146
8.459554
49.126205
28.220375
21.664780
59.503407
10.172316
45.506348
57.484100
14.619912
53.415634
51.079674
43.454865
68.545830
23.311523
66.774315
36.125237
9.064132
70.300964
48.907581
8.027845
47.739494
31.077568
61.278526
76.499405
75.819626
57.584446
25.445919
43.689579
28.714493
8.030722
60.699066
8.826791
35.232491
78.364182
64.928429
13.449616
58.062511
43.877914
20.978075
58.532562
51.064884
24.930857
79.944748
8.011386
69.470367
50.032280
77.687714
34.786404
15.968760
17.673569
88.514420
41.970325
16.493382
9.578357
31.765285
54.325321
11.792877
35.595810
75.698235
68.582855
38.852043
34.449928
33.594753
67.325798
40.077351
74.422676
30.581963
32.033615
67.594864
71.987854
20.550571
58.374535
16.303133
62.012051
51.317799
15.831455
25.460407
59.040272
30.003181
53.771458
8.587687
22.646816
35.245090
65.945076
42.391449
31.205429
70.958969
63.816643
51.195618
42.116520
8.067172
24.465057
68.480293
61.926956
30.627991
10.781662
47.097370
51.462170
68.324455
50.327835
20.682911
34.476685
54.314777
39.611675
18.545532
68.441254
20.210289
45.364925
42.143814
61.677017
34.467453
16.912071
77.475044
25.640797
38.476067
8.011386
20.756392
54.862717
72.274429
60.881805
68.550316
61.019943
35.400326
57.237537
68.268890
62.175251
29.899086
45.731827
8.011386
34.467453
53.438347
67.537254
76.586533
40.089436
47.159935
19.977482
77.140099
71.713509
28.461334
22.008535
8.022016
69.062782
45.034950
11.205188
73.918610
75.538452
19.963509
43.148792
54.176094
55.623863
69.877747
81.371292
38.953453
73.307304
35.833797
77.179115
26.155445
16.763691
8.556721
13.595698
18.952745
50.773865
22.181686
10.403269
14.881607
54.517441
26.417877
13.664456
64.646980
60.926975
49.214264
12.666312
27.352268
69.117157
15.224293
29.789833
16.689640
65.897720
14.111702
55.986862
27.418114
18.409548
16.214993
15.025087
31.324379
17.373163
59.209648
53.884289
9.043509
15.853876
41.011784
35.952503
88.474144
18.331818
34.852100
27.561428
24.468410
73.268066
55.305954
58.572689
25.097549
85.699654
24.581835
56.881714
60.888943
79.658920
57.594379
52.884102
8.066487
91.118881
22.776346
65.045265
53.310555
52.406982
18.301594
32.216400
21.005035
55.617802
81.115143
43.286552
65.392502
70.922813
51.055038
14.161915
36.385986
64.595436
29.864120
64.415215
37.463043
30.754272
39.057091
29.686394
21.765474
19.131824
56.816250
47.606636
26.297775
8.495060
46.952942
66.265900
56.203049
72.222435
31.277275
48.341438
42.324257
51.775585
22.644058
21.499002
78.612358
35.084515
22.938251
50.448372
9.949757
38.159367
15.027470
10.624524
69.591232
8.055342
8.011386
75.568207
22.635666
74.413940
50.792217
36.618450
57.402466
8.153411
42.751537
42.420189
59.673229
20.449768
8.029001
8.228166
58.513813
12.699109
53.075050
26.551510
58.400513
24.176586
37.351704
17.525661
74.899811
61.468304
41.625847
54.598595
53.521786
40.990517
44.211815
11.168915
24.521500
58.273186
53.855896
36.310570
31.652561
10.999983
50.443279
42.486744
32.164391
38.275749
23.334679
52.873760
22.259434
66.416145
90.539223
36.295784
79.066788
42.840172
76.044296
20.476446
38.504883
48.889656
86.185745
45.832008
78.423233
44.864964
35.989479
8.728066
34.904831
53.937454
46.626915
15.166088
8.601565
58.852066
30.228031
35.983143
89.846481
33.259048
44.928150
42.102409
70.066833
83.213982
54.245018
10.088110
93.996475
42.435219
47.599998
55.518158
34.474495
29.659180
64.745430
81.115501
13.098115
37.539959
8.064437
75.593735
67.506493
12.634176
27.420723
68.920006
38.976994
64.315041
65.816635
68.255295
21.652893
65.641884
57.631683
8.022016
37.304958
81.841782
72.146355
68.030403
34.477150
34.124989
76.326973
34.962318
44.118050
8.098595
21.752247
48.638680
50.335751
9.092617
53.835812
14.867836
61.955624
42.691570
57.428410
79.667053
33.122681
29.091507
14.742175
8.581364
55.302212
18.900227
25.339729
25.436932
65.412598
15.141930
44.628738
75.964996
32.869522
74.483803
40.584805
31.018688
50.701782
8.073071
46.645264
9.289220
71.698929
82.663795
64.362030
27.390278
54.300034
80.706078
25.540844
31.729343
27.307888
8.080003
61.465309
83.915024
31.158737
44.754951
95.201401
20.036423
40.637314
52.325638
49.618824
40.713223
83.673843
37.756618
72.135986
21.578129
51.815228
24.815243
41.948215
29.835739
24.036720
21.319485
17.425463
12.461565
46.801102
58.758179
23.732792
31.881981
27.694950
15.648198
41.817886
21.420845
29.581558
76.909622
26.307842
8.959222
61.491863
8.011386
15.083044
44.372169
74.449837
62.937222
21.948181
69.333374
58.209183
21.342537
24.573952
44.915417
62.511383
69.996399
68.274796
44.299660
18.400537
23.029446
31.655800
49.821892
23.463951
43.914459
33.177711
16.471054
29.785557
8.025553
48.903999
14.705552
37.859566
54.377743
37.600071
49.100052
14.130638
44.636272
21.380671
8.042524
8.669039
60.931416
21.190037
9.398483
65.875557
27.787811
53.320969
51.420891
29.881966
11.318689
30.953545
59.936691
46.851372
27.207390
24.344875
79.376648
53.756050
69.240143
15.716447
9.792577
41.164940
24.854319
10.175879
74.567688
34.234554
72.053917
14.910027
58.194908
47.056618
63.982914
33.734203
47.528923
75.372726
38.912022
43.246483
23.854511
54.551620
28.947208
15.591048
49.093712
32.826729
56.624325
73.033852
50.724503
14.756120
25.847763
45.035690
8.015979
88.635162
10.003978
10.687947
49.576900
33.345287
22.035938
61.760906
47.829350
46.805740
40.898308
53.912872
31.849537
42.172844
51.488335
47.763840
31.655800
8.011386
19.728859
68.929184
27.055271
85.205566
22.082085
47.902916
14.468843
72.624199
59.986710
48.037651
52.665176
53.689949
76.556534
33.641136
8.231446
27.076832
35.069557
27.942265
28.222404
20.633152
65.322739
47.005211
48.055054
69.550865
34.468624
37.317192
38.573193
47.041336
31.625546
21.778715
62.018505
69.198059
10.405638
67.163948
8.168371
45.721397
28.863190
46.726967
32.517384
53.939117
29.497932
53.777000
55.385094
37.710083
74.671448
57.695072
85.259300
11.299948
21.749590
51.329712
43.235279
31.296402
56.255356
33.288761
28.303486
72.118263
27.454189
98.171234
34.996803
85.683914
45.087257
48.746101
16.108765
62.451187
11.105663
16.237339
31.646111
48.555565
42.101521
51.813667
63.531967
51.355637
71.435814
23.509403
22.037415
59.876022
42.927010
34.241962
20.073309
46.070480
31.522774
56.335499
74.125305
71.080605
18.955891
11.900102
60.243362
72.471931
58.592037
12.077784
53.789841
48.515697
8.093974
67.590164
58.218288
48.727623
64.784058
81.812729
53.507633
61.303444
13.596588
8.479901
63.064434
49.005363
87.211105
31.227486
27.036579
8.573204
14.686981
