57.901928
52.905083
32.794529
40.176910
40.875580
16.216116
34.756317
22.970541
3.402443
36.070599
10.031075
24.934813
31.209791
32.483498
16.151159
30.221653
30.923485
6.733887
37.980221
5.543772
20.406862
14.017820
49.007690
31.595076
40.127224
59.961845
9.198363
8.918825
78.136559
40.454765
7.452883
44.161270
37.202671
18.366194
50.378792
51.188370
50.003506
15.377336
26.522877
11.189279
7.012585
4.464533
39.624828
25.270441
38.875126
5.314496
5.583374
16.736328
10.389622
6.089637
15.789220
13.896458
18.977123
58.561249
59.460232
17.801254
39.030376
33.609249
55.949894
15.661330
40.084518
14.400154
57.127342
33.000626
29.246180
59.147320
54.860920
31.144142
46.484676
3.420371
47.203926
65.654999
3.349344
9.185147
12.698956
61.682217
43.804272
8.153685
20.224592
5.641987
26.820311
10.806125
56.616325
8.974650
55.210716
18.092621
57.821201
80.578819
28.600634
46.008629
37.269238
9.255711
123.022141
39.772331
47.682247
69.848938
11.507684
36.783813
13.394803
12.163312
4.560714
49.197556
63.855331
6.045114
31.729950
73.489227
40.683609
78.308235
32.200760
60.629185
10.038591
50.041271
19.834829
14.121630
79.716248
10.372897
41.432720
77.341759
5.215759
41.442524
70.334976
10.966201
48.970882
70.572006
43.070415
18.111597
5.045296
26.687157
8.954319
13.719572
64.675331
70.753105
38.933250
3.956386
61.658123
38.882610
48.675934
33.788010
54.271179
34.634537
16.871986
11.860757
43.344872
13.433969
6.332804
11.108889
22.516987
33.316792
14.860090
21.235016
32.931965
27.078587
36.125996
59.622929
16.514822
14.684866
8.602222
5.487042
15.899958
9.393167
19.813438
37.505951
40.956772
33.110786
38.166553
59.700802
15.668802
13.643229
22.173904
10.508898
33.055885
30.264612
14.664997
43.237545
13.777343
128.146271
61.382446
60.481262
45.893742
54.696495
63.444328
43.562851
18.113180
19.018551
20.918673
36.978069
39.934612
6.873914
29.433815
48.269901
9.133842
73.132805
57.734627
21.285803
43.490051
33.754513
40.851540
6.090194
18.053200
99.299850
4.799638
75.401230
10.599784
47.363911
25.025827
33.036755
42.455608
50.422966
33.535496
35.332390
27.860291
26.325310
26.410431
16.297419
8.838477
77.194313
4.817299
45.511547
34.527111
51.224232
9.116255
7.328424
51.613796
25.375017
28.472050
21.787306
26.947659
56.915958
33.277248
34.007675
13.697572
72.901604
23.206270
42.113834
12.106839
42.132362
29.535339
57.480591
80.335968
27.253613
4.495090
34.578449
50.392467
28.540289
31.209791
51.233303
79.493843
41.213978
3.436157
11.684248
15.046570
63.381054
72.596725
22.990065
33.678455
18.060417
36.148392
65.582748
43.775154
50.409752
43.578495
23.402164
51.650253
8.523115
12.827980
10.002472
14.201595
9.828053
47.218906
8.320968
38.607269
49.864571
28.739168
45.822308
34.108116
26.271452
8.696236
24.990654
31.590252
31.209791
4.950631
78.175316
28.838108
7.230659
12.363300
94.178169
46.352558
5.597710
37.193268
41.039444
30.224796
50.270325
35.332390
26.904600
40.609535
29.246180
55.704506
20.383444
24.380747
56.619167
18.161905
24.046484
56.063885
8.792549
21.005260
46.888779
46.639771
36.846512
30.663860
10.752523
25.320395
17.586273
61.782204
51.259151
33.956562
58.838665
19.561243
19.076015
9.246071
30.115322
3.349001
39.431118
20.442513
6.748897
26.582550
33.716297
31.624681
25.685961
82.456551
8.621840
56.945393
26.081274
18.717619
28.452625
38.341125
82.639450
7.429145
34.918358
33.291115
22.402235
40.983658
12.817842
28.182594
24.958490
32.087914
46.652714
63.069851
26.250864
20.977964
23.207029
30.327763
14.817919
34.777637
10.762483
22.740879
44.977261
35.086941
7.547069
40.079983
27.141277
28.363115
83.488350
15.203505
61.787739
26.756100
41.135979
75.806656
62.341869
21.434902
12.844430
43.310612
53.862556
36.827675
8.844548
33.264530
16.576126
3.623178
43.807068
14.446511
10.042494
48.474804
33.368946
7.931445
18.309841
55.045628
52.856743
20.589930
49.015842
40.024075
65.196999
44.521381
79.843620
10.042494
8.658178
51.805058
44.186771
53.568581
20.613674
37.919121
5.517523
42.934513
9.492047
17.781822
35.587559
31.745213
57.325806
36.889175
103.778648
20.022739
9.937064
37.097431
22.879211
37.377728
31.660250
28.782326
6.976302
4.994994
25.552572
66.025208
14.307705
66.650566
27.539850
72.236382
34.749607
6.405742
48.451328
80.326134
3.789902
39.705917
4.964732
14.446511
30.123997
15.383450
62.071976
6.740268
74.309731
57.330444
53.354237
71.243553
42.550415
26.099751
3.899156
14.721019
65.104683
38.263153
56.676678
21.243616
49.389900
41.436546
44.159195
28.239346
33.027592
104.812592
3.456227
74.491356
10.872456
83.888618
7.934383
7.528741
46.565655
9.809991
13.251068
43.049603
12.687673
10.115958
21.884041
9.698596
34.276890
50.101467
69.654442
47.942764
13.001239
26.979000
45.349930
71.057770
21.863708
45.421215
40.466492
36.067223
5.045448
13.912733
42.077496
29.935093
22.223051
70.910782
45.564232
15.029058
22.326698
5.892478
56.981236
48.033958
13.293962
28.226919
72.876793
8.850360
53.104820
69.140999
16.806635
27.532167
48.900124
29.576662
16.064939
70.583588
17.214264
32.984440
17.100256
47.383911
34.611347
15.784755
37.383720
3.666179
17.504454
3.350028
41.184048
52.806797
47.207600
20.039824
16.917673
9.116255
86.932053
46.359215
17.000116
61.040348
49.862576
31.904402
20.107027
66.983109
28.944233
24.244509
6.778679
54.545727
40.476807
76.068550
48.377506
58.792587
44.464375
29.470518
13.901004
41.466988
30.242487
6.755849
11.385808
74.243706
38.827961
19.577257
16.051510
55.503212
25.336683
7.533991
68.012985
40.340946
4.877234
17.318081
70.803589
39.903584
7.369502
45.598690
36.178993
17.253269
22.436974
34.038799
33.002007
53.431629
13.842374
55.892101
26.113274
61.229797
12.320642
51.085781
19.328224
48.917145
25.453304
64.988670
24.903099
12.333081
12.000052
17.476349
65.685196
30.363291
25.685961
24.784330
3.478673
58.432415
37.801640
29.024050
103.842216
45.317165
73.392120
44.011177
64.564461
56.063416
42.633850
4.802379
28.031605
44.618553
71.816566
58.251858
36.291424
36.788273
36.354031
85.238182
29.523754
13.847745
8.725631
29.271811
17.082924
18.278934
20.066236
62.543762
5.399205
21.956059
23.041086
86.547073
21.901712
35.111305
25.437452
38.398853
38.432308
31.655252
38.909245
26.332962
79.676636
31.649086
15.661275
25.374447
28.458939
21.966656
66.942451
69.150581
38.879871
23.237894
62.409794
31.364677
50.294559
44.722240
19.260885
14.519970
16.842726
59.354702
67.712196
86.514549
11.229005
54.461910
137.255310
21.158108
21.654617
40.598034
82.684395
52.305611
9.171659
47.327610
60.663162
59.414021
50.101063
11.637352
15.569867
6.940873
62.430065
12.009756
15.646446
18.985029
13.069662
3.414283
33.208324
30.264612
94.883842
8.252650
32.884224
26.997562
24.480032
7.106543
58.182381
22.314629
47.663998
31.611238
24.348854
26.004726
8.505980
15.776375
42.796673
52.330021
24.836866
13.866572
11.818627
45.247341
15.661330
35.542519
5.489901
13.432096
47.362396
43.576782
5.892478
12.772477
3.883255
33.045383
7.942600
73.214958
18.690760
36.593243
59.212910
11.049424
32.117706
8.623601
33.527275
60.712830
26.995760
28.940609
22.844000
29.872360
7.143161
16.546219
7.739017
41.393612
68.125412
28.615005
32.283230
63.748749
32.163540
7.869331
12.252821
60.833920
38.259037
16.825039
40.341820
14.755260
45.140358
28.747414
30.423603
47.893749
68.742554
21.298321
37.595009
25.343288
20.651445
5.032640
54.151211
22.094419
47.184090
49.971535
12.667025
27.694290
32.717888
54.043350
5.585307
63.589375
4.924432
42.507629
42.215252
58.506279
24.046484
50.359959
13.679170
36.045609
30.665575
15.717361
26.124392
67.163246
15.074959
39.901600
50.703968
16.212978
18.816381
49.009621
22.842579
26.575457
23.176197
67.776085
45.671272
22.001263
39.278770
45.395710
47.085262
31.877436
25.457447
32.883446
8.973385
47.311466
47.121593
52.210129
29.159805
8.781819
14.375817
38.288658
25.789137
9.633584
18.557026
39.664177
74.716850
32.252083
55.005478
8.280135
29.845282
49.009621
60.323849
15.363751
20.626917
29.361572
16.352789
53.165161
30.445486
3.349116
25.768576
3.652523
50.603394
27.766762
4.479345
18.202272
23.545063
6.065081
17.058622
39.444359
7.874230
27.427816
19.262718
22.240686
19.451584
54.273678
79.006943
42.591347
7.137607
56.238213
20.323164
12.228721
53.382915
16.889996
30.277689
30.264612
6.426827
3.956386
11.876897
35.681644
19.266026
24.171122
38.807514
9.806581
65.740112
8.206727
30.996258
48.900124
39.990051
10.880060
8.261630
47.373913
74.336998
8.624831
56.574760
42.669308
16.143847
28.485973
85.157455
7.821956
19.354174
15.491908
29.940632
3.414283
17.060833
65.840347
39.180450
51.435299
15.536233
85.537178
29.473654
55.782001
49.579193
46.008671
23.986942
52.118355
16.829762
14.098255
7.444490
21.972649
25.054705
50.698612
35.697392
42.249226
34.814308
63.024654
53.854996
25.547743
23.261879
5.927320
19.422956
41.076797
4.571665
20.197493
21.600651
44.893280
41.420807
33.822376
64.170853
20.404581
24.273981
68.947121
34.416840
48.556023
32.057247
25.750538
10.077647
18.316103
26.043098
27.396299
21.865536
53.510323
38.921432
28.094654
32.836205
33.865841
51.470421
8.718838
33.585915
50.196564
26.474733
34.556736
25.535017
24.313820
32.921120
14.655609
11.154453
33.532173
52.589455
52.188419
16.311407
24.300169
13.772905
11.801381
34.375988
17.020950
37.855389
58.079365
12.766242
