58.379349
68.122925
21.094917
54.836521
0.798629
1.141386
0.947718
22.355728
52.564991
30.371561
69.593742
45.386063
61.313011
34.813679
22.535999
62.414978
16.878750
0.967553
1.559503
68.653419
49.904442
35.199577
40.161964
33.364803
17.507607
1.671466
40.476307
19.152191
39.775230
1.125415
21.242859
34.945232
35.623276
43.481613
58.177719
39.536755
3.496918
60.118523
4.964894
54.770485
63.019382
0.575873
9.898712
19.433033
21.863842
69.459457
42.722034
17.068754
70.612518
70.574753
24.254776
39.288395
38.952488
40.807575
42.515896
50.299442
7.771800
29.575989
32.825737
35.425980
54.425476
41.163437
36.823647
69.625595
19.744392
2.816449
66.717102
32.229218
53.543938
5.165243
11.464061
15.839846
12.410301
6.506062
69.990173
70.639343
69.650002
67.852524
67.042542
52.818104
70.686417
36.610168
2.143908
35.197231
22.668976
67.276230
30.967789
0.651341
50.541302
20.415192
67.392372
25.886368
30.342003
44.306530
58.260094
57.579556
3.038477
70.854492
43.790958
58.628532
29.058041
2.350013
35.727966
11.868799
40.833019
65.184052
71.133621
17.139833
28.791765
35.126617
70.656456
1.054673
28.560360
45.710495
17.581081
53.264320
64.829254
47.162151
16.117695
27.533770
46.006584
55.302216
33.242100
52.528271
39.903618
32.252884
20.789944
53.455349
28.382736
59.529312
21.162901
43.447758
44.952026
58.513424
67.718842
53.056824
46.755711
47.540627
23.360769
68.022301
35.088707
52.339035
12.767691
40.471886
67.113358
17.212128
27.842960
22.356489
57.078094
38.734253
69.111252
37.415676
18.982937
21.291870
39.822121
71.220566
31.634426
18.468536
54.135555
2.454171
0.661207
0.605263
34.928265
53.626808
34.108765
32.146935
70.462364
36.430382
2.539501
46.433136
66.809105
63.224892
67.925140
43.859177
8.127732
70.895462
71.262115
54.113785
13.718065
33.567253
41.825615
56.232941
12.310418
59.604698
22.342175
69.333115
58.665478
14.766310
69.161324
23.278566
66.063812
69.482643
32.256252
2.153923
63.185883
26.004822
70.545975
4.728629
19.129629
45.746403
62.490265
69.259132
9.580800
26.298960
45.435932
39.972153
67.950516
2.924888
58.647888
4.113862
38.453030
71.270416
32.881683
15.666275
23.767132
39.617001
45.620689
28.233244
57.696220
0.574962
33.457375
41.317574
66.005898
68.189278
14.033926
23.017370
13.670426
21.536625
52.838558
66.175758
43.954365
1.839750
7.547879
70.660980
0.834135
47.233643
0.806139
36.163158
34.129707
35.678459
70.771454
1.971530
40.804340
26.898205
0.648658
38.695099
6.198702
44.242538
0.820442
46.540787
2.761796
55.179573
61.457458
71.272278
34.929684
10.798888
0.517342
25.405396
69.503418
26.309618
46.059490
64.745239
16.603491
2.018182
13.816656
47.384480
23.853548
41.732422
3.941653
26.885834
31.250937
24.867599
70.944588
52.363796
66.671165
67.160187
56.977615
0.758796
4.460363
69.522400
1.132321
68.959351
53.799194
49.372978
30.558994
69.283279
11.954597
1.282384
62.663963
68.849815
71.086029
70.951851
63.036591
2.068560
70.737061
54.106911
46.319939
55.620216
12.475588
69.818115
18.222832
2.395841
29.713345
35.251198
65.222290
22.286867
49.959557
51.014801
70.967239
44.057888
57.131653
67.743286
46.788918
34.688530
19.659058
1.317562
46.684410
0.812150
18.591366
41.540161
49.820786
28.266819
57.102615
66.544281
71.199799
45.206856
32.127136
59.044811
3.677556
52.713249
40.672073
41.687122
0.685927
14.476531
13.270333
66.067940
54.553532
31.175499
68.716698
0.528868
2.669636
63.550751
22.433323
68.877541
41.400967
0.589344
4.712372
56.149216
40.202515
40.688694
24.554384
56.152046
57.667397
52.981888
40.339203
23.579304
25.064972
56.144859
66.168381
50.065311
71.107765
19.746761
25.787180
53.958176
60.018761
7.432968
24.084557
0.947718
60.809105
17.822714
0.754359
1.377133
15.203142
47.311378
52.028065
13.757166
7.273270
52.938946
50.886044
18.694626
66.754082
23.537418
65.539780
36.895500
23.657722
67.994949
69.363129
23.598604
59.162872
15.642880
12.298153
30.886881
27.478127
53.669525
70.500488
17.750151
1.239825
70.810814
61.962021
69.182816
58.353020
15.905662
69.925659
11.083881
52.664524
67.134369
33.698071
34.740093
16.552723
12.738963
14.568037
42.036354
70.362930
1.814639
37.698677
68.702881
31.750877
36.397587
9.959253
8.908884
0.773260
30.372490
33.680206
36.519318
51.792488
12.582063
58.716919
30.393661
63.672466
60.730736
36.714256
53.472939
49.643509
53.784645
25.214853
1.244641
37.485813
46.925499
46.823837
54.590218
13.380352
8.104339
6.661569
5.853174
38.501026
22.003145
36.392113
1.713276
71.143677
35.232719
1.054502
69.953201
59.965973
71.278404
3.495687
0.495056
46.254833
57.522964
5.251458
39.756668
38.190304
65.709442
50.765507
3.094837
22.884289
3.714907
44.910004
11.519466
61.451187
66.053818
24.007143
47.267651
9.955666
35.940140
0.508064
53.156303
68.454048
50.228359
68.260170
6.992836
70.396782
12.665007
1.145355
5.908751
1.201796
1.519635
58.380508
20.469828
29.330551
21.326149
47.497906
24.248539
18.751429
68.479118
27.121872
43.222382
16.333977
28.566202
52.250153
1.890898
28.277668
15.199183
64.588158
30.371561
47.117027
26.864267
4.138253
70.118362
48.518379
55.620888
59.645195
71.181671
51.932129
0.777261
48.222153
51.182411
33.303005
18.904060
59.235260
21.206953
37.655521
28.539717
49.183102
51.721100
51.187672
0.950262
69.888268
42.392975
22.445873
54.089310
1.720436
48.713303
70.562920
29.785896
34.201851
56.130322
11.364298
0.508712
25.029995
48.438057
55.962242
58.826263
61.404419
36.145157
62.524689
25.568537
69.300575
26.584862
4.788607
38.961540
6.294079
19.652897
58.951317
0.837265
13.945877
66.450829
2.437779
41.157219
7.512847
41.412529
27.669422
46.901642
71.266205
35.714024
7.159184
21.502213
70.640045
59.451317
4.672787
12.708564
38.154148
67.286049
1.609964
1.098333
21.262234
35.405514
33.596012
60.364513
47.949760
37.199959
8.541670
54.550491
53.448227
66.086731
0.887881
18.355396
5.376938
31.147902
16.806313
28.967810
44.173935
0.508684
40.603477
44.624710
48.301804
1.845925
36.189137
54.091110
5.169835
10.173282
24.544346
48.961159
37.105888
4.957099
11.560490
62.812691
3.227971
27.756424
2.492104
0.504085
12.525404
7.932101
70.678604
46.386925
43.131325
15.846791
30.031540
61.795677
57.469589
37.165604
54.378151
64.343056
2.860343
6.059286
1.835918
34.677429
51.840641
68.024948
12.834069
48.465904
35.066280
59.519249
69.274101
2.158289
31.795820
70.291504
2.003748
0.595132
70.154282
48.752712
51.059364
1.092685
57.068386
37.254623
62.050701
2.605995
16.378399
2.453940
44.885593
28.456116
32.889336
22.571861
67.294296
41.656609
55.203278
6.449771
15.271733
48.888065
66.041519
21.851774
30.806213
28.819649
25.875351
9.548857
1.402978
40.205696
62.286526
12.493676
15.188416
42.753315
7.158830
53.782352
17.672077
26.198460
1.719420
4.419157
36.519451
69.712357
36.669968
53.914860
35.678890
1.840356
54.195442
65.336349
29.023973
56.055672
47.018486
70.745270
41.267235
9.067053
40.428078
58.119659
7.021550
39.423931
60.120972
35.855171
42.233421
12.031430
34.851810
56.614368
0.882357
53.391331
64.248398
40.386059
63.209915
16.033533
26.638470
64.725243
41.824219
53.785873
71.052383
33.835461
6.185278
54.413948
31.724388
41.060135
1.423118
14.184369
11.519466
56.265053
70.861633
61.513126
13.794631
2.018182
8.192657
5.344798
19.805719
65.416550
12.395452
46.571739
71.127655
51.201401
2.251909
5.191495
44.834724
33.526939
47.247944
0.806870
64.658691
44.351395
54.129887
42.261650
64.840393
10.988058
57.696945
61.522713
30.194441
29.573978
46.583317
39.485748
0.950262
36.852905
54.367924
10.283129
12.319751
58.872898
41.642136
55.133343
49.225258
70.732117
29.152021
63.713547
12.588522
18.799236
33.605484
0.494454
0.502372
68.665298
50.340073
27.956169
12.690902
69.336403
52.219383
40.498837
60.449345
11.896431
69.801521
69.167358
12.112926
16.115093
8.088370
37.178852
63.047810
2.779064
34.620728
62.819824
71.042946
33.553902
40.285542
69.277412
61.408436
57.083027
9.785746
8.479784
13.094168
30.298189
68.143066
43.334473
39.516289
31.721275
53.619877
69.408463
57.029224
43.073471
70.921967
8.068581
26.101547
26.595728
1.320228
70.420021
64.213531
70.753387
45.191586
66.466660
1.914113
53.337986
61.999298
0.856069
4.134870
0.530820
64.976463
43.381214
67.843246
5.333621
36.406734
27.232651
57.629181
69.108559
37.586269
55.550186
5.609219
32.887352
51.277672
51.114059
42.314430
21.854023
71.220810
70.772522
47.971561
48.556431
70.612717
53.550285
23.599543
35.249825
49.495453
49.002296
4.243793
46.622009
25.051346
35.103306
70.579613
12.445836
44.246361
43.892105
56.377251
1.479794
0.715790
0.595132
43.168320
51.769802
48.208511
56.094349
18.068684
33.353828
45.450596
49.758492
1.643588
45.470749
3.636541
69.573563
18.086025
8.086188
49.104282
6.306235
25.546997
43.633854
68.717545
39.702194
41.504921
13.194151
40.187279
35.874187
45.410343
57.010788
1.686722
18.757113
62.172337
58.266899
71.087166
32.941238
0.589763
28.303263
30.612427
38.356544
64.322556
68.726913
22.066830
11.192346
47.485481
32.928448
20.612789
61.681347
67.410904
32.611931
44.596359
55.521660
37.309464
16.076197
32.156467
18.550940
51.920002
61.995918
5.767476
39.798737
70.589722
51.794445
32.568069
1.019543
19.587849
27.434044
0.620511
11.549194
1.095875
57.590240
70.757889
6.152746
1.369756
1.512875
40.595940
5.602878
28.767990
53.218155
18.269505
55.614361
61.164444
7.508797
50.592503
38.641861
44.041649
54.265335
0.590831
48.107594
32.709743
0.830119
0.538921
58.301521
71.328758
47.695427
67.954475
47.206871
41.671333
0.543741
1.437313
50.935032
51.066021
21.751934
18.415150
42.601067
45.469021
43.685677
28.692928
23.413918
47.287460
32.631271
49.507500
39.273651
46.873817
45.621513
28.186703
23.350121
53.585430
20.344135
70.815315
19.366371
64.994003
53.990761
68.005058
46.303535
36.279099
45.104729
47.249565
39.112274
53.859444
70.192017
13.158393
42.000748
1.728181
32.988071
0.905522
20.837835
6.868196
50.636368
0.600391
4.505478
12.779194
71.051697
70.120506
52.464645
46.295631
54.012749
22.915417
69.690971
47.238304
22.935135
55.536144
0.542346
15.662327
18.457619
53.109383
0.637851
28.339012
71.176315
64.961578
8.112836
4.367218
49.146980
62.612228
63.960747
45.562614
26.318165
52.889458
33.651764
64.661942
48.382038
53.472466
9.143727
48.471268
60.183926
67.910248
18.899525
35.643837
6.966431
13.823839
21.544168
71.299271
57.027615
5.468653
41.271511
60.868767
3.631374
68.469879
3.888207
11.164834
36.295692
39.944717
3.142487
36.488388
69.798721
65.101883
56.482006
70.612366
12.865193
1.145483
21.957100
47.576149
4.257742
14.902331
67.398033
50.043686
10.988279
71.159378
36.195213
21.133423
61.709721
70.127426
41.532566
50.276558
71.311195
54.364475
24.663685
31.028305
9.286523
48.419159
35.134262
3.392443
27.950401
47.109531
3.284811
1.854572
20.497566
2.908751
25.051233
70.402847
42.354206
54.574074
0.737783
38.055054
67.487762
0.525352
4.609756
48.084625
51.666168
34.528694
52.336281
67.737015
0.991363
68.925339
1.559503
42.077568
40.185555
61.081810
24.893070
0.708785
59.497719
14.873636
40.935261
56.831577
13.213430
38.587612
69.270409
0.774053
6.260586
30.246078
14.203543
10.897467
58.751774
34.596035
1.371636
18.846184
30.020697
57.198933
0.715714
47.602604
30.586088
5.625864
17.059803
71.212585
32.312828
40.975174
0.547224
3.941653
68.790482
45.496284
69.902802
49.010986
54.051590
0.510434
22.828823
26.398750
35.905258
21.480555
9.890131
50.357155
31.175140
10.148533
58.871864
18.218918
1.831182
46.059326
47.061905
25.537701
59.252159
6.686962
70.960411
48.753635
21.813681
56.287788
0.942625
9.264631
10.444011
0.961811
15.662327
26.398750
13.065879
18.141390
46.196072
13.090572
58.033207
70.541275
51.214890
54.761173
16.078701
47.422470
64.943954
18.414171
9.566595
30.294046
71.235687
63.820862
48.289185
13.427341
51.375504
55.457123
54.386261
0.621259
14.432215
56.091896
39.226536
3.414729
33.428940
35.084988
66.553040
0.693399
55.156242
20.318829
24.407383
43.365227
58.189587
50.768787
69.664719
27.702106
36.734463
47.342278
37.874054
32.698917
2.580893
38.984993
68.759102
19.316263
1.258951
21.967319
6.042504
48.151985
58.377121
38.116180
3.220083
5.937717
18.390265
20.781120
2.005254
39.898357
42.292488
41.070259
0.623650
33.039059
64.366516
1.475460
27.193840
58.818249
47.209805
69.712051
52.383350
49.683270
41.335941
32.021935
44.598663
6.676766
22.944117
71.062958
70.765350
50.383484
3.431332
52.613838
0.505940
1.012860
58.332901
54.442661
31.946022
13.074090
4.411903
23.418762
41.303757
47.168411
6.303627
63.641457
70.810310
26.604336
69.520615
12.892015
52.559479
1.518743
0.591707
41.313812
46.327393
27.360321
0.854821
46.527847
65.949844
57.323357
61.626446
69.876091
35.570702
70.447693
60.047195
18.509562
58.730392
69.264633
6.199375
33.626099
52.960335
13.736641
59.608490
16.596296
51.870316
46.702389
54.927658
9.508994
48.215992
13.730902
14.804922
0.518144
54.938999
16.405819
12.403379
28.252451
43.085533
18.415150
50.375385
27.351833
52.734417
35.591187
45.040333
0.654561
12.480905
55.902153
15.804066
60.088364
17.308952
58.734680
6.852755
26.747509
54.275574
30.171974
40.750008
26.792814
0.668347
46.033623
18.160210
44.098072
40.338066
56.660049
31.332529
71.271240
52.635540
1.178788
42.850307
62.057068
2.806544
40.812763
30.732906
45.680664
50.937420
43.410721
44.529041
30.231808
71.162529
51.442539
50.048416
51.764809
68.599442
40.389328
1.846205
56.765400
51.995888
31.382164
42.871185
26.685530
69.627274
53.292847
36.515373
10.645164
4.950252
28.987734
41.285549
37.835537
70.967583
4.818128
61.809380
25.643957
58.980846
1.135724
6.149431
29.830162
55.211853
0.623503
52.223206
52.364597
69.770027
33.351894
37.526749
56.319702
20.132912
2.700383
11.742927
6.356388
46.042732
62.705826
39.538986
58.750893
70.046600
65.861740
19.300280
68.740471
62.985123
0.583127
2.630769
1.405713
51.926064
21.291870
2.646146
64.498795
12.604881
69.872131
21.235844
21.841038
61.333626
56.980080
15.040683
0.752383
10.177277
4.698979
34.076820
31.616356
20.849735
1.014212
2.302849
69.865364
70.400970
12.588955
39.730278
1.527222
62.365715
37.585442
62.753506
40.483086
49.261494
55.929325
61.323856
34.302177
1.728181
50.940933
23.595915
71.174385
1.646440
58.984604
2.657292
12.466999
38.204453
51.377373
68.398331
66.469254
69.325798
69.977997
53.735115
44.822151
2.532061
4.042990
64.121452
19.231598
53.047771
66.746895
27.358194
66.462975
21.429062
46.465084
1.857748
32.362236
26.216808
48.036682
56.260704
33.873100
50.446693
8.088370
70.627075
56.977932
55.338638
42.530449
51.307495
11.509181
60.322838
71.077751
70.086136
23.930958
20.011751
71.286034
56.423721
49.827045
0.725269
20.985258
26.591869
41.775654
59.032249
33.645939
10.068552
35.499866
52.954140
66.227524
0.771451
28.356552
24.059755
30.901711
60.561012
1.807578
18.123720
29.692966
32.649487
69.318527
50.146919
0.773925
12.866782
1.287912
52.505539
66.881134
34.989677
1.647503
26.062012
51.327515
56.593597
1.509670
0.498139
31.657751
10.087864
67.760872
31.411306
44.215992
5.944303
60.660873
1.898698
36.156158
69.057190
48.113747
7.014243
8.179471
44.307251
70.908722
1.842005
52.352249
42.144428
21.727280
42.807938
63.573578
69.006912
68.263580
0.778643
67.254868
62.123138
56.572315
25.883320
49.169239
28.663668
70.510239
36.199184
30.196339
67.115501
53.534805
49.714722
25.276348
1.728212
0.915753
70.350830
2.134970
19.179764
55.786682
7.597735
6.984495
35.103851
1.639769
65.699471
14.501822
24.153416
47.835861
71.072456
70.875237
1.133231
57.265537
12.599725
59.892036
11.654265
21.157520
26.759918
14.726625
59.711071
0.861947
28.295330
1.136010
36.229874
47.437065
70.343323
17.437218
53.314342
1.903068
15.276790
35.303482
62.722961
66.044090
69.408020
47.063591
11.286632
69.693573
67.453461
43.915970
18.511791
10.194262
53.749226
53.719872
46.400505
54.519089
69.557693
40.842182
51.678925
11.993482
6.682240
6.638290
33.978039
65.556793
69.629303
68.812569
71.096504
0.585005
45.957127
56.505951
21.045216
60.230690
71.167923
0.668031
31.991203
0.496605
33.833481
1.664808
4.742843
52.147839
70.015381
70.772713
13.979621
27.967201
38.607010
71.175240
68.609482
8.890890
36.226868
63.981483
52.210121
67.271446
45.637142
38.025517
44.216011
67.542961
19.680670
0.722861
35.991226
27.027946
29.445393
35.269070
69.750923
0.956985
18.897469
56.346558
68.202271
29.746239
33.399498
50.787933
70.924744
60.617249
39.763615
47.617798
39.057476
9.350615
36.430382
71.213760
65.579987
69.078583
33.354362
53.980202
15.981871
63.506889
70.977936
16.083759
0.519254
70.781372
61.102493
39.603390
10.409122
30.371561
40.006485
57.902977
66.569519
28.145998
37.133141
70.697876
16.882183
7.168152
8.837191
2.424037
48.107872
26.966520
35.553375
58.161209
71.075523
55.982780
41.690723
14.534910
54.084190
57.475510
1.423118
33.385246
52.418396
2.335634
1.905562
3.266487
0.880016
17.089687
0.626147
59.370941
65.963684
19.511030
1.289219
4.086309
0.803733
48.977409
67.689690
19.379179
70.822311
32.607780
47.967957
28.380611
18.390265
1.109130
37.500267
39.813465
67.950958
37.629112
1.560856
35.485390
45.627438
21.976688
64.696358
14.905570
53.984673
27.423424
37.112675
19.253725
31.775402
54.992859
5.200394
8.136671
37.430687
4.134870
26.580959
21.427979
45.841293
57.204117
68.671509
43.284081
70.913307
26.256218
62.809681
62.407600
67.371414
25.260700
54.914803
28.965549
32.664482
31.467854
19.202469
23.127529
71.100410
56.067894
38.069515
54.456192
13.169563
63.401257
1.173311
40.565121
70.257034
1.377719
37.844601
39.779160
69.668884
42.049019
57.175945
52.529030
67.069450
5.097401
69.896736
41.133095
2.001851
58.716145
54.379494
1.075434
44.098072
70.320656
1.599557
54.412903
52.781929
54.142982
3.706573
60.267990
44.911846
9.934412
70.359108
55.345116
53.935017
42.685471
40.654854
12.891947
12.779194
57.316429
47.675037
69.529694
61.284527
10.799738
26.524454
53.037941
2.158616
4.444111
30.922421
16.633497
70.784882
57.485237
9.877489
40.275707
17.984793
54.066826
14.104462
13.016731
40.790085
68.391708
42.618683
60.161438
38.675751
65.459274
15.662327
51.263885
34.989227
71.173347
54.450706
62.129852
1.126150
59.574959
0.579194
3.195984
69.279289
64.803574
24.083294
61.011379
25.256567
70.102135
1.022491
31.757351
41.636917
41.694775
0.837265
65.285233
4.269588
4.284089
55.849442
70.310699
54.547962
23.181234
66.196068
3.681204
4.134934
53.640705
39.712521
4.560995
65.001953
54.505226
7.526746
21.890413
70.467499
29.339916
28.662140
51.798668
31.069305
15.105322
9.957572
12.088176
54.975830
42.003315
20.413626
13.077061
49.370541
53.415337
68.014198
24.172600
49.207512
26.088673
46.995422
51.070068
55.472626
59.430016
48.680595
66.593033
46.053032
54.137108
14.561295
68.034744
67.315468
17.598679
65.302963
35.059685
60.455505
6.615682
0.676181
67.583435
32.913055
39.770718
63.148968
60.956955
17.930784
4.100176
71.210526
32.670834
54.483822
26.792355
0.562210
36.089157
53.816193
65.843346
62.031391
68.043167
70.793938
44.171638
13.916014
0.644478
54.039478
48.337612
5.815490
71.014801
40.605095
44.550442
32.232079
69.031448
15.091677
34.064873
49.005192
39.379333
32.491627
31.988842
64.104729
53.251930
34.082687
34.079113
31.977369
27.593210
32.916721
38.912575
19.374557
2.988742
32.688259
21.323292
2.545760
16.289820
57.950333
5.108883
12.502608
69.666580
20.426731
48.178894
35.808689
69.112679
37.329609
18.192545
14.250735
9.548857
64.803207
67.522583
10.636018
4.029592
51.091019
50.467178
4.252375
47.122185
12.790277
70.903770
53.755798
0.528312
7.269985
13.771276
54.086418
48.604767
13.541853
1.004411
69.152771
71.033104
70.702477
70.521339
0.912584
29.559269
54.444984
2.021002
30.784101
61.958672
57.500805
61.884247
51.266850
19.293079
41.286003
53.120579
44.613613
35.411980
57.998734
59.170452
52.064667
56.456974
62.320133
64.501900
4.215769
56.538097
5.828009
20.554525
46.425079
1.700038
21.778563
56.947170
34.932655
38.083893
0.812498
22.869274
26.794445
7.043496
52.525803
1.355626
63.745934
33.839001
54.278572
66.950340
37.408768
14.040249
22.218288
28.749218
22.052496
63.828835
1.130079
13.579458
28.412853
28.973312
48.533752
30.814381
5.163486
25.872902
12.023796
23.312138
43.942520
68.982590
12.866782
68.628937
1.201153
64.531860
66.402863
16.976570
39.469376
60.743519
58.307945
18.718884
10.409122
32.914356
56.576546
0.538199
41.146736
10.656677
20.612310
63.552422
9.028381
67.810013
34.437157
53.113823
21.787289
18.265879
54.462807
47.881264
1.090565
30.294144
68.291794
45.386063
13.982179
27.608025
0.635225
0.608869
12.837297
0.503404
54.267654
22.219685
0.760032
45.953171
11.564696
34.925026
31.971210
71.174728
35.125786
35.805809
36.877090
49.832794
46.196564
28.664236
27.951897
34.038559
60.713623
10.223886
32.258942
32.651791
18.096397
10.068552
16.390104
19.171791
22.632280
12.533649
55.685097
15.962688
51.919056
63.954918
16.431458
70.950302
46.216049
26.716137
0.516031
34.467796
4.933461
18.717226
48.006165
53.335747
60.851013
0.494454
60.993690
41.273869
53.598724
39.941875
28.451960
65.377296
9.934412
6.700948
70.733269
65.139107
0.773925
45.842926
0.755952
52.566597
0.933164
4.640930
42.460518
27.597530
0.734121
55.916180
57.243973
20.204912
12.558257
12.433750
0.683007
1.180752
67.292274
70.179138
49.471161
10.181310
57.723381
1.471911
32.014874
35.504192
34.487312
60.105804
49.390331
70.501228
59.502815
71.031281
2.004751
46.552948
29.624245
68.306732
69.035927
62.848877
49.715309
57.847927
71.010223
48.475960
3.766253
67.498230
64.082176
71.188202
28.356405
62.196316
1.325853
38.524021
0.491169
3.096240
50.341965
57.840782
53.690563
53.049366
1.374774
42.719101
3.657608
1.892160
47.922272
60.091446
42.698524
1.559503
61.149834
43.395058
67.537979
10.629278
66.265221
53.576672
70.577415
11.061193
35.636669
1.090565
5.887645
69.814301
6.021714
9.059514
68.716011
4.032912
40.976830
44.363533
9.197929
53.516506
1.849001
11.952324
19.604210
2.514628
53.764206
60.806664
23.502766
70.254379
60.173466
60.078033
29.533606
40.395584
36.975704
69.273361
48.017769
0.839818
62.871876
6.546358
56.977291
14.091472
46.886459
1.748650
53.475014
40.597942
6.125485
20.443506
54.443680
70.587830
70.551102
18.834991
67.111679
71.168953
53.546288
3.178750
46.188339
63.256599
0.695427
2.761796
69.953934
24.405245
59.986992
1.754873
33.627754
19.253725
66.598434
38.842640
20.467440
3.106538
14.250735
68.639343
40.052254
21.271435
52.228432
37.609253
70.584267
15.635278
23.008377
44.989433
23.737656
14.334835
63.708351
63.899189
66.529678
32.491890
52.982384
47.460968
68.771172
70.220673
6.483959
30.581783
37.782440
63.389023
54.205750
13.579596
0.569519
47.380028
2.594583
2.082524
51.367554
67.552689
33.143360
69.109467
19.896936
69.638329
45.337868
0.910513
3.106771
53.314384
70.570023
20.310570
40.133614
54.215893
66.575981
25.190094
26.933453
1.546067
28.110985
35.999390
28.343174
30.027559
53.500462
59.902370
22.950062
0.846280
69.900505
69.836533
2.576737
70.201569
55.829842
33.714821
52.011269
29.088413
58.499092
65.676834
66.733780
0.752383
8.745195
58.934174
25.001457
40.496994
70.192062
46.819855
0.590831
71.136765
38.056755
10.053999
71.308876
4.741386
58.757935
37.940086
13.543159
2.811167
42.864143
39.768261
47.671886
69.561829
62.547672
5.310816
22.041130
59.139732
27.647213
38.555206
71.083374
0.706418
2.743894
40.896496
7.198984
4.887781
24.898487
54.191780
66.062546
54.010220
70.710693
52.974380
28.040718
68.944641
0.644478
14.801898
66.235214
71.297295
21.557800
41.574310
57.384583
49.584896
52.123398
35.136238
51.452980
60.614243
67.390862
62.247986
28.456116
12.322945
1.854968
40.233719
52.731098
70.871284
8.147917
8.794301
35.124100
38.296288
48.997490
21.361090
60.293671
67.297379
36.870625
4.826840
62.803513
4.369273
36.026989
12.451033
57.923103
12.611797
64.086258
64.624100
35.348351
50.964226
32.756424
68.848816
63.593887
0.681999
30.205444
41.264431
42.546692
13.066576
46.601887
4.113045
11.842031
25.648415
69.544434
36.955917
2.223223
63.730186
39.377701
1.591088
49.031235
37.814560
54.808319
68.870621
19.458729
11.842031
68.348480
70.185760
70.687225
38.104984
48.596085
9.902336
35.474945
0.633469
51.812981
32.804245
51.883110
51.957863
53.985519
69.454559
45.109886
65.341179
65.053162
41.699234
21.463280
21.604904
69.257591
37.482552
21.992098
18.732765
8.139475
6.921486
15.292475
4.738672
26.708096
1.579026
51.336044
1.514289
43.919704
0.984196
30.691711
23.936815
1.970920
35.909779
40.592491
2.667616
69.379684
39.086861
1.030326
69.496208
47.629475
53.256493
27.812582
8.012949
35.962914
40.357105
27.350859
66.866585
61.941666
47.909988
35.571415
28.819160
68.524475
53.482567
31.271244
33.091602
69.829155
1.180752
2.363856
22.284328
15.598198
52.346146
69.386719
53.871769
38.926437
44.642761
56.660686
29.167873
2.134039
51.720314
64.391769
71.260437
62.275127
16.003536
51.711243
38.428299
1.499441
58.623459
4.724639
38.922863
16.502178
69.678070
69.723656
44.108917
63.178337
37.168499
60.822166
49.800049
59.866409
57.224266
36.854435
39.627094
22.040382
16.463472
65.183067
2.327636
2.372604
69.200836
26.523621
12.732734
70.519531
64.872665
39.877495
3.523408
45.859825
64.394798
44.444092
22.871964
44.455231
66.113327
70.783577
1.524647
29.783052
52.591763
18.398817
13.367043
63.629421
68.265244
12.493676
44.057888
50.295853
10.018327
1.006090
31.243662
3.834216
40.931877
36.430382
51.826260
71.056053
69.533348
41.953770
52.128433
28.805584
9.898712
61.601456
56.338512
37.121071
19.859961
2.542115
71.295944
0.694135
20.321634
67.894920
1.983704
69.906250
66.164505
18.083469
66.409988
43.456718
0.668031
0.787688
45.647034
55.553413
55.661690
38.071491
0.516708
57.628784
65.767372
17.453650
21.247238
49.030903
61.337288
56.558033
39.886826
1.143137
19.358131
2.447902
12.360109
33.352234
0.905906
37.070625
21.412279
18.957443
23.510235
50.054611
24.720196
20.854200
34.195740
10.053813
38.087196
64.479454
43.514561
23.278566
4.967476
1.377409
37.231659
62.447525
2.655049
70.139633
12.498005
38.683807
71.196518
42.776314
39.688461
12.866784
45.280846
45.322563
60.005054
11.748297
45.148041
37.660408
61.897644
18.068684
41.275009
29.261303
34.898399
67.580826
13.739735
45.940266
26.251446
63.698528
71.349930
40.926537
52.147404
22.784073
37.220844
26.030010
42.334995
23.987406
46.704361
5.268087
54.936008
70.386932
68.291885
7.272668
47.900200
0.616469
70.984970
12.498487
2.566035
71.333145
68.599480
55.641056
68.922058
57.030472
33.406128
62.772678
14.643154
53.292130
44.587555
60.656273
38.723690
44.771507
60.806519
69.513565
27.788260
71.243126
47.137108
55.810772
32.326637
13.799709
48.596085
1.374059
35.852661
53.225548
50.827194
16.879681
16.294054
51.543915
58.060364
14.002269
45.103481
0.896896
50.416786
24.466791
39.411812
32.161190
53.954075
54.535889
28.851418
23.746933
26.983665
19.374557
50.754692
1.424544
71.184891
61.568062
51.321514
63.968880
71.284737
69.744370
18.101868
17.848951
53.675396
56.895493
12.647439
70.435326
71.274979
57.819847
21.774338
3.479343
69.403152
46.090279
30.754566
49.040203
33.837994
64.594444
70.799850
67.232513
12.837669
10.356306
17.343609
27.630329
69.607880
5.137057
31.737576
71.067032
22.730421
1.059958
34.784271
39.019066
30.394009
53.984253
32.724651
10.147663
42.181114
38.232670
48.909630
71.217857
21.196934
17.497971
17.792006
16.578047
71.166519
0.886822
57.969334
22.085449
1.269691
1.039991
0.498075
65.939957
12.595459
36.842758
29.568748
13.143928
28.206823
0.500335
67.481079
13.078952
5.709944
20.269127
68.326653
31.391743
29.107819
15.937641
68.704506
59.371887
48.783714
61.332878
35.750557
70.644753
68.033852
67.905716
66.080887
54.740654
0.979562
29.418011
26.086483
69.865372
5.335349
46.357910
35.245571
66.748260
60.008438
42.640846
51.737045
17.941486
41.423012
1.767971
63.266853
42.060246
38.396408
1.900198
21.800575
18.275764
21.828285
39.087475
61.809757
36.255802
5.952628
46.545067
36.333736
68.297844
19.220865
71.163071
24.536797
0.607063
54.152161
54.919781
28.225716
3.220415
54.060696
0.642269
0.538092
12.869085
50.143105
27.299488
41.284714
11.761950
21.087601
38.371582
58.081085
57.119835
1.004538
38.874245
36.158913
1.071824
1.521970
12.982809
51.865002
1.848416
0.917905
32.104568
70.151657
33.659538
45.357582
50.935337
11.807727
70.140892
1.900549
46.795181
42.994480
0.969976
69.560928
62.531124
17.478561
9.462010
19.509737
45.316891
48.612396
8.701165
51.766346
1.522037
15.022011
42.719101
18.108046
49.737198
2.899177
0.811515
64.122765
8.954743
64.711159
2.692177
11.958000
66.522491
49.940918
1.900462
51.821060
3.331952
71.219620
26.325581
0.523445
68.406555
47.001221
34.657055
1.623627
2.639092
42.433445
58.897423
14.843539
8.128756
6.483959
66.244347
70.874023
45.574570
7.569704
70.106438
60.916477
39.318508
37.336433
55.157860
54.754841
61.885128
68.569862
1.777590
63.883209
13.342307
23.895592
44.068275
1.168396
63.536697
7.331354
12.869085
34.116199
34.684837
65.140091
0.561061
48.105206
4.275000
54.344669
23.844631
57.948822
0.640771
43.788071
58.377762
48.360046
18.075764
57.664043
18.269505
22.722454
53.413242
18.780716
57.630524
10.018327
12.102496
55.301117
64.680511
42.415482
44.717373
2.831405
56.265610
13.454127
0.824150
47.231895
48.787933
30.599468
56.369598
40.179363
36.019379
39.251263
16.501331
71.214142
16.770121
59.614071
24.315062
1.534871
40.948616
5.542687
49.945518
71.303291
63.398872
11.277689
13.509938
34.528389
1.081915
44.133186
67.802292
39.902573
38.478340
43.602776
59.274784
58.064980
69.196220
14.178835
25.379095
56.977806
28.050072
42.832676
54.055244
52.679047
8.305477
44.670082
16.704830
13.391168
5.137709
50.170181
35.202530
65.041115
56.965202
41.129238
49.842659
51.710159
70.958878
64.839752
64.924408
52.889339
57.621208
43.208199
35.762482
10.983261
65.686287
3.755111
70.029198
55.460888
12.734924
30.644588
10.374912
68.523361
66.865356
1.944968
14.618078
