93.975159
51.496292
59.961369
57.955700
70.387024
41.244450
50.265965
21.099110
64.062737
80.558411
59.225010
15.208993
55.261162
49.967880
49.558510
71.046158
51.973396
50.910168
36.925190
103.765793
87.901535
59.172539
76.154068
50.204597
88.170944
-0.097480
72.884552
29.976299
73.728714
104.028046
43.127876
4.705218
82.912750
23.621037
83.321579
49.298786
68.750992
72.768295
74.821754
81.004646
80.435776
76.079132
113.218178
39.521767
91.171417
66.004585
82.322266
26.401241
96.200394
56.737766
102.141449
70.348526
119.008881
58.216064
46.404022
9.362954
51.127701
28.482594
26.286964
55.856747
35.311752
76.454376
51.042641
63.038788
109.160995
59.761734
64.885956
99.662018
65.893883
6.948622
69.688774
9.795384
49.269997
50.122993
19.929745
96.598755
47.601364
9.589103
59.039196
15.723032
93.122154
87.321396
18.412096
51.819435
40.990574
29.417747
58.139091
28.568447
12.078882
60.240429
98.936905
29.446087
66.612518
71.936180
103.659401
96.391312
97.852089
86.860840
9.018087
54.326416
71.986107
47.668407
29.036415
59.773537
89.471878
3.703399
55.706589
34.882515
55.679131
16.230486
102.278267
94.879486
64.298470
81.304253
49.289635
98.197449
86.927719
5.707994
77.644958
71.779694
53.616577
37.981209
60.782864
10.428631
19.806570
21.894199
95.090225
77.513046
74.375000
75.115044
31.524406
92.879105
82.422882
18.813950
99.801086
82.345032
16.464994
46.702881
76.672905
86.405899
86.501511
13.861061
107.088867
16.041176
90.279823
3.412402
23.216829
35.852318
75.455070
77.988510
14.678511
45.845406
91.887039
48.396976
15.783318
19.729670
30.036732
88.246338
25.487953
101.180428
59.557724
48.483871
76.264008
70.888794
89.929031
51.377922
58.118881
96.199692
97.568687
57.630672
83.178322
77.814957
75.317734
59.783100
84.929100
33.094322
58.528427
62.898014
111.392456
93.874542
63.760406
73.212418
35.186024
52.617538
5.758439
32.589905
78.299774
83.234573
108.459564
24.325403
83.800400
40.459198
50.347527
8.188904
90.679283
46.298508
20.364639
34.066147
34.335899
79.893356
101.040756
15.203569
27.691069
52.159492
28.136990
37.545746
90.737732
84.277016
106.594772
31.524803
34.952221
32.924458
66.059158
13.098915
56.804161
4.259504
65.174400
52.943924
34.703972
40.708130
72.196289
51.486645
24.950060
75.718300
40.424187
72.849953
101.648735
38.057335
109.318451
52.794636
84.991859
109.115295
3.320748
2.736012
97.009789
94.219910
12.669876
76.204224
68.711617
104.002182
76.113892
71.169540
102.670967
9.554451
101.040619
7.271864
74.592056
24.233011
102.526672
14.515804
72.394302
37.456177
61.736275
53.342552
19.013132
43.349167
23.116798
69.598602
60.816910
5.909646
76.823341
93.358078
42.849983
101.042992
12.862904
93.945511
83.369705
99.430679
10.998112
56.228874
74.981895
105.725021
62.915169
66.520157
54.320602
62.920841
17.679909
18.413933
78.510147
68.311974
43.638672
94.246109
9.128452
34.574390
66.386765
106.238792
94.858734
49.661896
70.201126
21.086935
88.042831
13.247381
88.888565
66.540909
72.535782
64.999146
78.660980
22.673962
74.383621
69.812157
65.387192
58.061535
29.745762
103.926697
25.094088
69.863464
49.691738
102.315216
76.166260
31.270588
22.060474
25.470104
94.101898
81.557274
44.031128
16.873659
108.940475
98.838150
81.650787
9.021906
44.300816
64.241135
18.977352
58.102570
65.627205
76.758194
69.619064
42.930855
33.997612
84.542786
102.878998
77.941666
31.943726
31.431330
65.914948
44.976418
16.873659
53.967121
79.197090
8.353093
86.974602
74.146683
21.086935
32.041737
44.543095
31.221649
22.529568
79.563065
36.307350
33.134174
88.284744
82.282211
52.614002
13.542610
60.629414
79.995392
89.131752
52.973129
60.622028
59.463165
63.989574
52.098572
71.065842
90.727310
28.568447
37.379429
13.777866
88.793098
48.098499
28.200695
11.544628
54.475334
42.044601
27.682308
28.837818
13.303806
13.582163
2.926648
48.492706
44.956497
57.908142
77.760773
66.291519
73.509201
38.230339
36.835213
59.289852
50.191170
44.031128
13.399149
61.732624
62.140965
14.922530
33.058819
73.581062
75.024536
69.827469
78.758446
93.096893
16.389215
45.856640
81.357513
102.649437
70.694160
41.484478
49.306061
36.477016
103.795792
37.970421
63.738628
65.390625
82.195618
53.925125
104.106682
32.017143
47.002911
96.528091
45.392029
4.305845
67.515701
95.971497
90.952148
83.042130
28.988035
46.887978
94.530212
65.687172
25.177263
56.896774
98.803566
26.648338
37.921852
29.115875
87.997719
29.972120
25.519577
97.958305
21.963459
28.144672
94.251801
43.708157
91.012810
20.788673
80.878510
33.507038
101.036484
24.429274
102.335114
36.722237
62.832279
19.216114
59.788612
65.515640
94.845581
93.617905
13.098915
2.376894
68.099655
31.484659
18.506729
31.765884
17.121984
69.141289
93.389091
97.580826
96.954590
27.270786
33.951252
59.371452
26.947317
71.440086
87.852127
36.493225
91.447342
58.061390
93.413818
15.644577
119.429764
21.887480
31.716724
17.068413
43.280693
57.834129
75.401848
52.660736
55.243565
22.553513
22.324547
64.232193
37.149239
85.730186
65.998741
90.177109
43.638786
74.481010
84.910271
87.050812
77.978119
0.959652
7.587023
33.561039
67.400253
69.819626
46.816212
18.218460
46.552238
17.641941
71.730721
95.969704
31.943726
62.504250
40.348930
91.912384
40.990574
22.772938
34.424576
108.118767
97.477615
90.242111
83.930969
80.436829
53.967735
21.477474
25.443012
80.154541
45.638142
82.656624
3.319249
80.815895
49.457138
9.845819
32.976200
69.417114
43.237320
85.185097
81.643288
57.563747
50.204597
38.186905
62.322113
79.457794
12.229885
74.487839
29.488892
48.639877
49.189697
98.227707
104.303925
66.403320
50.757133
97.146164
69.213882
17.079098
54.546436
60.732071
83.559631
2.376894
21.086935
70.533569
64.213974
93.826744
62.898014
54.085629
29.854816
60.650768
63.216995
65.478706
90.713257
32.638134
48.925640
71.904686
21.180771
30.496096
15.913895
70.522476
103.368446
101.207748
119.630486
58.147587
70.719604
65.783203
2.577451
34.952221
25.980459
104.979004
16.187216
61.373455
26.309656
105.805138
31.209579
65.737488
37.630798
85.526642
66.120110
16.331959
76.044876
77.600067
71.369247
97.316582
11.120552
84.499252
91.418869
16.873659
44.383018
53.300804
65.537323
81.089287
43.018051
46.010582
107.124268
83.679848
45.900906
24.017260
89.808708
87.199425
76.021721
50.807419
93.512939
39.521767
56.185280
41.476807
2.924930
76.125122
44.760529
96.565308
10.819877
28.388288
40.499489
14.702135
33.985188
39.639362
36.385925
79.894539
88.740196
17.520535
87.518677
98.512817
68.705376
47.762417
33.215237
39.266129
92.252640
75.611519
29.547920
59.703880
59.129089
17.679909
45.276958
73.663605
43.708157
102.268257
8.279601
61.876228
30.454296
49.889580
66.306702
15.615383
4.638791
25.350471
74.701920
22.980919
70.115028
9.031396
52.823593
7.643231
25.959915
35.871937
23.153584
58.100780
87.560188
76.263489
46.605904
35.731224
9.834103
-0.061389
45.398167
88.633690
41.834469
102.928345
60.830009
32.346779
38.883270
95.219734
40.990574
56.164360
70.064178
71.519684
67.515701
87.068390
95.673676
63.937908
85.226326
52.798744
32.251705
63.122921
10.171491
90.486633
73.339455
11.120552
10.232370
86.894226
84.014236
25.656017
71.477631
96.369827
44.693848
44.543095
52.770248
21.196167
77.149094
66.719810
78.157928
39.262093
97.151543
30.836609
51.608948
29.279980
64.577568
101.866951
56.459351
13.201923
32.989330
21.413746
80.236488
55.642960
86.056610
63.387863
42.131897
94.287918
91.864365
9.031396
52.673836
41.525635
108.321899
104.700745
85.211349
106.913239
14.787164
42.603470
93.473442
88.167656
54.731728
62.958031
24.825964
73.086868
40.668560
4.330791
65.552986
47.133278
41.272591
64.010933
81.641312
51.907410
46.933189
83.268082
36.888939
92.413391
15.512995
51.973396
73.638680
53.951622
38.671223
67.856888
46.739101
43.834389
3.842892
68.655670
71.828461
38.225327
77.386169
27.546150
49.518288
80.132904
44.999252
81.559067
31.950098
39.823730
48.853264
66.136276
32.668304
58.756634
17.187115
63.680458
86.234810
66.623756
30.862448
9.250636
29.087652
84.406967
104.519318
98.157211
85.337494
50.946915
56.462593
121.265633
73.957436
105.222488
41.236107
62.636517
63.011513
66.120110
97.594574
77.818932
105.224495
17.968666
27.889879
46.699097
24.515478
57.224892
88.051987
49.229382
77.843414
33.705330
15.380221
90.500320
88.966873
89.648422
87.453438
65.849045
81.602386
2.255924
87.002716
65.409714
95.708817
23.691648
82.877762
73.992714
3.835504
97.275963
34.147038
88.066978
26.812143
74.587189
6.709472
40.570766
53.906040
9.421947
93.504684
110.197006
74.143822
40.698921
71.207794
48.364220
62.200020
26.293024
93.365753
99.601349
56.595871
66.742676
82.446243
6.778138
89.633186
100.511467
64.101395
73.718559
37.799831
46.324757
97.676865
18.370646
28.647888
55.578430
82.860016
90.746246
46.293579
18.591446
55.313950
53.833508
63.209034
28.568447
20.963066
