24.368732
4.529864
58.979527
1.112096
23.552555
12.181805
82.539070
17.056017
52.139336
27.457474
7.032314
32.672810
80.890099
71.290100
45.465630
51.040596
45.243717
21.947100
7.844187
8.630707
72.319374
64.160110
42.589058
17.353428
0.331709
24.669010
10.930093
11.376629
77.847237
58.351379
68.330589
62.001209
30.906403
14.870625
55.652607
11.088413
24.719606
53.823784
11.555614
43.411430
112.722992
92.088997
3.197323
11.595692
70.751007
17.890511
26.954361
44.977726
50.458069
2.850465
11.158750
3.745377
16.574656
5.932603
19.736265
44.934998
59.120838
17.787836
16.354874
36.921997
35.190075
58.824928
58.938251
37.635139
29.370523
39.991932
86.046455
44.342316
33.182476
51.165604
61.310883
57.289158
19.485779
44.175270
46.072891
33.077183
65.676567
68.998215
49.771683
77.384674
52.053833
46.048637
5.716896
27.513313
54.213745
66.281296
11.265209
59.245300
34.391739
58.245430
14.000943
10.793732
36.390465
19.794273
31.734346
65.624023
29.221884
88.254463
77.403549
18.000656
38.795055
78.171074
56.661701
1.253181
11.210721
86.946274
23.863054
59.822475
15.454685
10.856656
17.263367
58.817108
45.347565
26.412643
89.312592
4.238742
51.717693
19.937111
44.340576
49.623550
19.999067
2.306552
30.607622
70.427063
46.383705
63.450459
4.201478
2.042765
54.787746
16.382824
26.955584
49.304890
48.505646
68.802284
72.016060
2.041945
83.901161
17.442966
60.837856
31.730356
69.368347
8.415647
52.675446
9.653405
44.835106
48.624191
11.357175
27.491423
48.134300
17.393345
15.957067
53.259453
112.722992
23.586456
47.706154
20.378094
62.571365
51.635185
3.482247
23.586456
48.744919
45.234493
70.138519
16.417559
49.733780
37.592167
42.197826
68.990211
23.788664
64.634155
61.399075
29.021673
77.505531
21.190132
19.498564
61.512646
78.398689
84.536774
38.654114
30.195929
19.949013
61.034431
45.402092
52.764118
54.280636
36.316227
58.421326
16.048168
47.525646
66.354874
59.867188
35.810413
31.377184
16.017649
55.577232
41.171898
79.820465
4.248053
30.349789
14.945401
19.426065
80.885727
57.004688
45.383232
17.505936
17.187094
19.369957
26.394976
61.260735
52.848808
78.702744
13.381132
73.816475
61.107964
5.613574
35.308392
1.713801
42.802464
44.287682
58.627045
-1.341285
14.077975
38.239239
12.230000
25.278166
46.755798
27.352203
29.889473
33.314766
5.305844
87.494186
42.488113
40.598072
26.372421
77.745277
43.636055
68.289413
19.004059
47.256405
75.170990
40.202961
55.642998
46.322906
62.647400
39.179039
39.631157
65.796608
60.593056
21.830421
16.146336
66.157059
40.197369
30.801266
80.996056
39.082939
22.292648
36.993225
31.449528
89.003067
3.409298
3.383980
-1.352600
38.725994
68.221260
56.640636
24.417427
54.736313
31.223801
31.122120
35.160835
37.590157
29.286758
86.043900
37.084450
38.476456
20.376289
76.633293
76.467712
48.365139
15.251293
18.039839
18.690863
18.639757
56.783207
63.525955
50.001488
79.856880
53.381287
28.184950
68.294464
31.943781
51.100574
50.726624
60.653622
45.509254
69.778992
7.291386
31.503752
42.657040
17.056551
33.221325
25.981808
83.642113
55.744820
8.161963
9.769552
64.809586
12.478953
45.459965
26.975784
34.368576
15.031880
22.440800
7.932321
14.386662
29.240669
86.761086
22.079773
21.792610
36.699478
63.730167
35.091782
7.180001
82.339981
45.644264
57.888565
11.775729
41.353165
15.417271
83.155792
50.050041
24.864347
65.827164
40.777119
30.345394
30.000929
7.181866
52.537437
15.626912
66.371178
52.984566
36.236713
24.288126
49.015045
19.795527
72.800903
53.813763
1.980021
43.979675
59.127613
70.658096
29.329929
15.230520
56.594597
37.052776
26.045391
44.235428
62.019848
69.170731
35.935234
33.086166
3.649896
6.660975
52.378845
22.012646
79.754410
43.652424
18.925184
44.367645
53.881393
61.428638
65.060867
68.940880
0.417615
10.163881
28.009552
40.877747
1.179517
47.667084
49.873901
29.609516
48.336876
69.911331
30.748632
53.881454
35.532158
53.442505
2.137677
12.972945
29.724186
79.413368
71.404846
39.796547
66.966026
53.510429
27.489756
25.715900
59.156586
60.105434
13.997021
38.146172
40.220345
2.969429
35.668312
41.963890
66.992981
65.751495
52.891014
56.273014
34.220955
14.340233
77.547531
29.154999
62.770889
4.617372
29.741850
37.235069
73.234863
47.506680
59.049789
12.910404
77.515862
17.398405
30.906301
1.936464
44.358582
26.230917
125.002205
3.409298
38.990738
52.948753
83.964371
64.254272
32.068771
31.374949
48.923298
50.426445
35.269825
45.495201
23.290516
31.689562
112.722992
30.408394
26.201309
5.890369
61.238640
11.538979
57.503109
17.187094
36.776649
60.007210
47.597702
68.221260
27.144920
78.237938
8.319338
44.034851
41.972557
50.405720
36.105747
50.575905
39.969574
7.299970
23.281439
30.040308
69.031425
71.855927
20.448715
1.288410
38.282852
70.388641
10.664346
11.047968
8.559222
43.872993
51.897888
43.956657
34.197453
80.402161
31.956964
53.569847
86.761086
61.937614
18.388628
12.960357
41.435806
64.498924
29.734951
38.500824
33.132996
25.246876
19.476561
36.065388
76.273666
68.221260
33.972980
38.968079
33.525845
36.239216
33.931900
40.604294
54.512501
60.800179
9.583357
18.288124
24.628931
69.906876
46.002014
25.871435
37.311184
1.936735
-1.341285
36.295403
47.248516
37.467266
30.246258
54.272541
57.770359
8.344019
41.008789
18.660803
43.427162
18.340567
30.171885
12.880652
98.840248
38.268570
88.215683
40.183517
52.193794
6.241268
13.436069
39.749588
58.831402
67.350586
50.839897
39.272232
17.922592
3.552287
23.256577
45.196102
68.486267
85.598190
48.291805
27.026997
36.845272
76.882286
7.749313
51.509377
59.815895
64.133926
3.394552
74.274353
50.612328
47.407967
70.731323
35.933449
71.323280
52.587517
32.467545
39.849712
59.134026
23.333445
1.783612
54.748775
57.435383
21.132162
69.534866
68.896744
43.316795
9.549876
75.740517
14.900919
46.402760
66.208946
11.680423
76.168411
34.116615
38.339432
26.240511
46.124432
0.733850
44.649712
5.161292
30.400795
27.278088
25.388218
57.687748
53.440636
55.294067
23.450323
17.711531
53.818901
40.755238
38.006184
17.505936
68.112640
75.615196
78.908730
77.465866
29.785860
44.959038
22.112778
4.358163
33.444046
-1.360616
50.937592
52.285557
31.513313
46.886284
20.532274
31.848309
48.636471
54.048714
29.877403
59.409245
6.998055
52.324768
15.230520
16.319506
40.962208
62.887676
7.299970
64.323715
41.383274
74.195213
53.042793
30.290796
-0.438542
16.768614
17.476761
21.343395
14.334822
25.449055
10.181053
48.564461
70.322968
115.675995
57.672981
27.615820
30.741049
25.388218
40.807823
14.471025
71.589996
42.693199
9.986233
14.899146
58.278053
50.754818
67.091202
9.834792
15.256088
25.463814
47.242207
3.571275
28.244881
24.100246
29.153698
96.067688
50.630211
20.941034
6.366663
47.960686
37.179279
94.461090
9.908966
52.834778
84.780426
63.169632
71.646271
30.529411
12.709091
33.126247
68.140320
56.949921
24.131399
40.439590
92.554123
24.468241
14.054005
63.811382
63.784718
55.217125
23.007414
65.606087
20.148281
3.003194
15.862849
40.863407
22.863976
41.105114
50.793068
-1.387038
5.303793
45.691502
3.152948
9.825850
39.637608
64.342331
54.609840
46.841793
45.171738
9.407421
19.921337
46.109894
5.555290
57.551521
1.236153
63.689148
20.341515
36.918430
56.508099
36.027988
69.862823
51.689140
58.914619
29.817423
67.714958
59.547127
51.048042
63.560799
-1.076563
43.832645
46.858604
56.459923
33.212769
74.955971
15.728127
3.218534
67.573196
37.994518
36.567616
40.323380
68.659943
78.582550
66.640968
35.638321
64.541359
31.258211
13.786024
56.152489
20.973936
55.949993
63.404140
59.819206
49.333424
59.351173
14.954416
4.575909
54.544693
42.462036
12.230000
68.312073
23.586456
70.051048
2.338547
57.307472
-0.767013
10.416472
63.676208
5.558280
90.076874
72.948311
50.545849
33.018276
59.882832
52.702011
60.173180
5.950509
59.067841
31.723640
39.938438
47.220314
37.610886
62.422310
42.786366
0.653273
78.057632
62.619438
63.047455
46.069809
36.704613
36.363640
21.914970
36.456932
80.630692
38.779694
67.883820
21.406637
12.962088
38.427166
28.611345
76.351311
40.863407
56.027122
22.215691
63.914581
67.564453
112.722992
11.024754
56.162964
68.221260
89.799522
59.971073
38.079567
59.232796
8.874475
31.900101
34.226089
31.648066
51.974678
43.878956
99.658173
11.205365
55.148552
32.246101
52.507317
27.301498
64.896568
68.061066
55.860710
30.458418
74.551468
35.085732
37.847656
10.030333
104.632095
10.375746
10.790903
51.505798
46.869896
52.437817
44.595718
45.489418
5.420924
57.071800
12.081472
14.573819
47.666992
