23.344894
11.337369
52.064674
9.895096
24.785320
16.850182
101.015015
16.859287
49.448067
25.447044
15.219013
30.763138
74.754845
62.011642
45.831100
43.959793
39.079338
21.640778
17.893105
13.185968
70.358704
63.909576
35.590168
27.241722
9.631495
25.273952
13.896927
14.855358
70.943947
52.101028
61.463379
55.993935
27.182766
15.791380
48.591320
14.607080
26.540802
48.198067
14.594166
38.730759
131.823044
90.757790
10.989756
14.821296
62.940060
17.383541
24.714409
41.880417
46.263016
13.163487
15.933059
9.685185
20.679604
12.728029
21.055935
53.773281
53.944649
21.109470
18.238649
35.085415
34.013611
50.604782
52.222607
37.894043
26.063206
32.193584
90.635887
37.709953
29.144730
42.137543
52.723705
54.946297
37.454315
41.475471
41.077126
34.063938
59.676777
60.137352
41.187180
92.419395
67.410454
39.211617
11.611747
23.068634
48.775822
65.414978
16.056417
48.965073
31.030777
53.358597
15.408131
20.041515
31.605656
20.813805
39.435589
58.890968
28.219452
105.515404
89.268784
19.903435
38.802822
76.489105
48.628590
10.267485
15.213412
82.569321
25.155823
57.805111
23.467285
17.329693
21.428165
53.708549
37.730728
24.624996
71.973625
11.297573
44.021461
19.843334
36.716583
49.739098
22.383511
9.445085
29.916340
59.598820
37.924492
60.613762
11.122774
10.118656
49.333931
17.310837
28.669861
40.796864
43.734596
58.372696
73.411812
10.064325
80.918724
18.890018
52.645119
31.649597
66.314926
13.275909
51.728294
14.450788
39.824898
42.771122
14.743631
26.055363
43.542099
17.851198
20.683752
48.847588
131.823044
22.954266
66.448898
20.483753
55.070236
47.281670
12.964815
22.954266
42.197212
39.719788
65.021851
19.264687
42.205395
33.308571
49.695480
59.102184
21.548473
57.916485
57.286598
26.346069
70.230949
22.039150
20.131073
62.543938
73.839691
81.822685
33.461937
29.296844
26.180099
50.570438
50.706635
46.000801
47.909206
31.991856
49.209740
18.068649
40.961857
67.304848
51.167583
29.003365
28.123138
17.397375
48.134682
36.724422
106.235161
11.068069
25.911945
20.870502
21.625412
74.069801
56.386726
44.369385
22.594200
18.291138
22.988503
23.883205
55.726357
46.109310
78.658241
18.869568
71.773155
49.705162
11.404230
33.168350
10.157612
35.090065
43.635780
57.391411
8.964883
20.069458
32.297028
14.500933
24.595133
42.553711
31.382160
36.223518
65.943748
11.447137
88.695679
38.714169
42.320869
23.179058
73.034508
39.248943
70.393959
21.667191
43.812847
77.774826
42.001625
55.509331
41.205048
66.046768
33.137024
34.404259
61.430992
54.260036
20.889389
16.679558
60.563286
37.034218
30.941227
76.062096
37.778851
22.234791
34.761883
30.264999
99.672676
10.626942
11.959826
8.964883
32.979481
70.393959
50.419441
46.950790
48.647125
30.500004
27.949146
29.181747
32.116169
29.146008
80.849510
34.987663
36.794090
25.320663
64.407669
74.384132
40.478630
19.105993
21.036201
19.657558
27.207634
51.650024
59.357445
48.850914
79.708626
54.440372
28.225506
63.216614
28.340897
45.443703
46.212189
55.445095
43.858658
65.987762
15.633816
42.085835
39.115738
23.402111
39.630005
24.412277
80.620049
47.749214
13.180281
13.929391
62.077820
15.022821
40.808159
25.208630
36.003456
19.842728
22.739834
13.249874
18.232166
26.902084
90.077721
46.605591
20.813305
32.823605
56.971153
42.393288
10.405488
85.564545
46.281193
56.869850
14.707020
34.820557
22.473160
79.839920
63.482155
31.918503
66.255371
41.292656
31.105438
28.436237
13.318213
43.562637
18.218554
59.190788
47.823174
35.258579
29.371296
44.016594
19.928186
71.651352
45.884972
10.075872
40.297474
53.387444
62.131931
25.647190
21.986874
54.382278
35.754898
24.902130
39.604210
62.025146
62.618122
32.072147
39.574501
11.090349
13.126701
45.696991
21.366856
73.203606
40.570812
22.045357
43.758301
48.586414
57.081825
58.933014
69.825142
9.702823
14.529871
24.105404
38.346725
9.910192
44.679649
47.356068
28.999077
47.585655
62.751099
30.071430
52.584290
31.021389
47.179161
10.382846
15.957388
25.633060
74.785713
68.044083
36.943649
64.793236
53.258076
25.674541
24.886267
48.755211
56.501171
15.766638
33.333256
38.344032
11.134865
34.968060
38.139969
71.927841
61.416855
50.790733
58.119846
31.628212
22.544010
84.782410
28.237343
55.478592
13.057522
26.296497
36.073586
66.122314
46.252499
55.496445
20.583786
70.290962
21.484737
30.660038
10.701686
37.923737
25.500069
156.429764
10.626942
36.490044
46.143593
80.218269
89.624840
30.599911
28.054047
41.687069
47.501984
48.030857
40.280804
22.331226
28.406052
131.823044
26.469017
25.783936
11.613716
58.626877
17.483528
106.498634
18.291138
32.224972
53.519810
42.564980
70.393959
33.797176
72.455696
13.062909
40.567429
41.602520
51.765289
34.614704
45.110733
35.260128
14.713284
26.381016
27.523296
64.916504
64.802765
21.487103
9.798124
33.766315
63.860016
14.542620
13.663330
14.493256
38.525391
44.781624
38.518719
32.229862
80.283478
29.204090
54.706436
90.077721
60.147720
19.690933
15.871928
36.216015
59.961121
34.368778
32.248024
29.649334
22.198349
19.362419
36.497444
67.814064
70.393959
33.710236
31.860809
36.792721
42.528435
35.732849
36.143040
47.315556
55.393761
13.838924
20.843937
24.794792
68.314178
41.310173
25.828552
34.823753
13.806043
8.964883
32.259544
44.656124
37.368958
37.388000
52.540466
60.543053
12.857610
38.556656
25.525360
35.571102
19.972431
30.267937
18.417244
96.154015
36.414406
86.681465
48.758888
51.691544
11.436977
16.896477
39.475033
52.700668
59.136444
45.199306
36.359806
21.053112
12.371241
23.539360
43.269844
65.016167
82.895721
46.103935
28.274303
58.830528
74.915718
12.628693
51.195778
59.531742
56.806549
11.989832
67.475006
64.651527
47.794197
65.868797
31.098473
87.603745
44.308285
38.810390
39.879879
60.926544
34.009789
10.585797
49.579918
49.567787
21.253870
68.185524
64.029594
34.817066
15.205942
82.697319
16.222240
45.090572
70.783455
18.083088
66.486717
32.469913
37.140160
25.044865
41.022568
9.793699
36.356236
11.880027
26.794796
25.644691
25.698093
59.041885
50.117641
49.271503
22.088329
23.176441
48.776154
37.745995
37.263256
22.594200
65.051918
72.118927
71.735336
84.937447
27.242653
44.306179
25.425655
11.170145
31.825359
8.992991
48.506973
47.399700
29.352249
42.180099
19.684402
31.215160
45.023731
46.490234
30.365086
61.252510
12.289000
50.815979
21.986874
18.779442
36.856747
60.376457
14.713284
79.470894
36.812557
66.921509
44.709892
27.308796
10.129366
18.558788
17.249962
28.568558
18.018372
24.359680
14.012428
44.938469
72.452507
180.734116
55.215523
23.998428
27.781570
25.698093
40.663803
17.740856
69.158432
40.695164
17.087032
18.879183
47.293617
46.125366
64.020752
13.508337
17.953075
23.303436
47.734360
11.839084
25.633724
37.869781
26.139759
104.773643
49.917603
20.565750
12.001799
44.629990
37.498486
93.657753
14.753499
46.757591
85.276863
61.121735
71.515182
26.583469
18.786129
28.426258
64.212059
49.724655
23.912745
38.936356
92.272865
29.408298
15.786717
63.047668
69.944305
55.759598
24.370674
66.935814
19.259151
10.416663
19.613873
39.679420
38.108456
37.559841
46.534058
8.964883
14.917031
38.431946
10.483341
13.567004
40.633602
66.479355
50.816010
37.387154
42.359680
13.826602
19.366745
44.878147
12.030333
67.944031
12.595753
82.743019
20.198299
31.815773
58.719959
33.122219
64.737228
44.341179
53.227272
32.321453
66.796837
50.840889
49.214104
55.781013
9.564996
40.429050
42.699341
52.514114
28.963440
70.635460
16.724352
16.226622
62.209274
34.411716
32.847336
35.826675
70.411728
78.563713
59.295593
30.690918
60.179672
27.419548
17.461386
58.460152
21.979057
53.176476
57.112350
48.537601
39.345547
57.769447
19.302696
11.589605
46.134441
43.510750
14.500933
65.596901
22.954266
68.793777
10.638053
52.031166
9.121367
15.502916
58.907608
11.592291
89.445892
67.941284
52.005692
29.236347
53.429615
55.026031
49.032459
14.503199
55.129818
30.701702
37.283371
42.495037
33.191242
70.804298
40.240032
9.673864
70.660202
55.687183
55.333618
46.024578
36.557068
31.538731
20.430962
31.997200
72.486137
33.556301
58.131119
21.633307
15.970285
40.494366
25.648739
69.426704
39.679420
56.829651
21.436493
57.475567
63.460583
131.823044
14.777785
49.947716
70.393959
91.522652
48.376915
32.621479
50.661316
13.341914
28.549252
33.389660
31.999760
49.521301
38.646259
95.763634
14.084035
56.289467
27.885696
47.073814
25.825352
59.105434
61.472076
47.549168
27.784973
67.506523
33.579132
35.083858
14.017089
110.714195
15.269134
16.263079
45.091511
42.537792
47.719444
41.574413
41.659389
15.462471
51.267754
18.731377
17.147678
42.722324
