77.982910
85.171616
85.794861
86.892532
90.541718
48.990631
39.027306
1.193412
61.488075
81.378342
16.520069
80.159729
89.602509
56.345566
77.079185
96.384605
48.058441
44.474800
86.675949
62.884315
55.117714
28.323608
96.083130
49.314087
39.754009
17.976469
64.269348
51.183865
68.587173
16.929377
4.081619
57.438515
69.081345
36.571365
42.295059
68.904152
99.206009
91.858444
90.697296
90.805481
66.338783
96.481773
79.699158
83.787445
62.368889
50.513237
37.243843
24.388737
25.360897
53.810600
5.263372
1.782279
100.318802
88.381348
15.440876
53.637093
34.805550
82.954674
60.305981
80.059425
34.805550
34.058876
98.138870
17.353365
39.264729
36.523880
77.074295
20.687572
28.257698
86.147987
6.818404
13.370683
97.057098
17.478712
59.568382
77.330093
59.709122
28.205547
2.225835
63.245171
91.602470
76.293274
79.384659
33.413315
54.280144
85.637505
87.379173
96.461838
78.503082
58.464073
100.478416
45.444122
27.056129
51.537601
93.653885
1.419336
44.994576
73.307777
87.176704
77.197296
2.805058
99.522293
75.830612
9.841626
1.271693
14.716599
51.005371
58.013546
99.049561
91.803917
31.044720
15.613519
61.916763
53.570786
57.485798
60.637444
94.949585
39.069588
96.353630
56.958519
93.255913
2.176147
46.476269
93.582108
85.639519
89.528534
27.383896
4.250733
16.563911
96.307289
86.036194
11.446609
28.307819
10.308389
87.537659
19.895561
46.080605
55.476685
60.631985
2.362985
14.527477
41.437458
10.476564
2.559876
19.491932
3.110237
95.205933
91.769791
11.371654
90.193985
81.666428
86.192162
69.868111
78.388397
88.878403
21.947676
29.959297
43.807674
69.868111
20.284117
75.395676
58.928570
71.623886
65.750320
2.298941
40.751934
44.931900
74.790688
86.281960
39.497555
5.817935
56.936466
29.878666
33.381958
39.624237
86.910027
13.715121
1.622850
86.336678
5.854414
33.817741
85.654587
83.172501
41.801785
74.895813
91.278885
73.692230
97.914505
96.553261
95.602577
72.099091
92.064987
70.760208
62.832970
66.011215
62.437187
31.220524
29.765953
30.454737
11.922640
83.902374
17.121511
51.429054
95.583450
72.525711
94.158722
43.722095
38.448814
18.757038
43.579185
34.211639
1.684896
55.733902
39.877277
97.704659
14.236352
94.544800
68.890396
97.484467
24.521915
79.468239
48.617134
3.308605
59.283455
65.018997
37.574432
9.251744
79.630074
38.648689
87.861809
53.387054
4.459966
83.795975
56.337181
22.957806
87.409607
9.699852
38.448578
52.155525
95.319611
99.632683
90.381302
38.743969
17.884659
95.046448
60.286179
66.756622
1.669580
43.140724
28.921406
34.129627
83.890442
3.631359
2.176560
1.035310
88.261459
74.415222
49.522408
50.639175
82.693153
84.427559
32.615437
63.569561
60.230129
52.132278
90.231125
89.191948
83.713089
57.931164
49.378014
12.374516
60.238781
94.551010
38.170364
95.221375
49.811283
75.257736
8.444613
40.482822
33.530716
22.481989
15.171213
26.350826
14.339628
85.108864
23.790920
52.611931
58.382744
66.814392
71.426834
93.193336
61.463993
70.932487
89.286758
48.605820
76.164436
2.037575
39.054344
96.713440
18.631592
2.544266
69.423584
87.773010
55.152653
1.598521
85.540756
63.354233
95.358276
71.729340
4.368760
55.040199
82.900238
14.749654
17.527042
15.927041
5.699304
2.435138
25.294407
63.584526
33.653225
48.455246
8.697041
95.567245
96.642113
52.294243
65.641769
20.530783
44.037201
65.190384
52.407822
16.635214
60.389580
87.929955
2.740601
16.716587
24.932339
17.893267
90.777786
53.547337
92.250381
94.380432
90.507210
29.012691
76.942795
4.619925
65.256516
97.276657
41.301056
92.108871
2.052977
61.478210
75.546928
8.900743
29.287418
23.808807
15.613519
21.034485
89.207008
2.818964
11.850807
88.024315
75.195480
84.886864
61.141819
68.656181
92.699501
22.992353
1.497490
76.155502
6.308132
64.340630
77.981186
94.763062
7.231560
72.865685
47.233284
38.770462
81.147522
71.359344
1.971167
78.080826
5.265309
87.753609
9.815443
73.606529
99.142288
60.170635
18.144073
4.004311
32.938179
73.962402
90.673836
3.104225
18.116312
72.878685
89.240990
18.161507
86.146667
64.325882
38.552940
75.165482
62.596558
77.230003
43.587803
67.057053
91.182648
63.501396
52.493813
85.741211
50.037861
71.996956
57.180836
37.662388
37.279446
84.244614
93.983124
24.396385
93.328804
60.952209
88.638939
92.464890
26.530281
63.232235
67.576683
21.808828
50.437374
1.211534
91.154549
71.264633
21.559870
78.082108
1.517400
13.435457
16.433224
87.324005
99.948776
21.013916
12.650815
24.020271
58.360085
3.404373
98.993736
97.615402
78.127831
88.221931
15.130896
78.158844
49.451832
80.860733
99.962387
27.383896
8.215328
98.699913
95.640533
88.441025
97.848961
11.462257
72.679779
21.821085
59.157181
97.636604
53.637093
42.992172
31.315449
61.982933
12.921593
38.285160
14.427454
63.560261
5.726582
22.223137
73.639587
13.696352
49.377293
23.190569
25.862606
96.867233
55.975163
71.597809
80.259796
2.317274
1.379676
1.329194
90.997818
2.591857
66.136238
70.188446
41.577961
91.081825
56.363846
89.612144
72.607819
68.001709
2.701382
94.302277
8.520473
54.529476
97.084679
98.764854
46.065796
34.307590
33.627838
32.615437
64.753426
25.784142
1.592548
47.069748
86.925171
82.560516
83.224518
51.126320
97.281151
16.037128
9.758619
24.740868
50.832905
1.490356
92.015060
81.946014
36.673439
30.548361
27.660992
96.184540
47.653587
68.102608
93.663254
76.879799
35.431419
65.566727
91.224930
75.689713
4.460402
66.575607
46.789513
95.244904
7.186099
66.654266
12.926146
94.045776
18.283186
10.580015
39.710915
91.919655
88.474998
24.570988
42.723808
5.768246
94.005272
42.683578
49.377293
96.415375
98.508759
97.572769
66.162750
53.812340
1.622785
19.932196
94.936630
71.199600
82.278519
44.842190
85.131714
84.629639
82.072006
73.000275
90.821472
88.132675
49.216110
14.099551
82.861755
16.958216
98.594955
19.528337
18.460569
65.970833
46.753777
4.272356
17.577908
5.119726
56.589146
21.273287
13.298602
71.947418
97.589989
0.885098
1.179838
22.505411
3.565254
50.669052
52.022942
58.105549
68.356216
84.550262
38.221748
77.292267
66.916748
18.737383
13.609947
43.233109
65.288353
63.916016
73.386345
93.809128
97.341431
71.734970
76.955757
15.066630
80.473831
91.654594
33.401062
95.941483
97.030029
26.566296
86.655945
93.055252
1.028909
89.542656
87.166519
60.772621
92.707870
13.989498
83.462570
46.890537
96.173447
2.608485
26.101795
88.957680
64.273613
93.932747
90.107407
83.962006
95.830292
85.331924
21.332104
67.358910
41.115074
23.007654
89.271843
82.407990
6.448045
66.501274
55.037056
2.608485
1.459652
89.953255
3.076955
92.185829
27.583595
36.022972
54.419720
87.775192
92.924522
54.661880
7.578981
80.772827
13.406906
86.180786
3.231126
50.572227
1.943965
100.092903
78.725296
80.117592
94.589264
22.755610
86.614426
38.770462
46.258583
1.447142
52.481384
39.092934
100.312164
70.647064
60.577583
60.780315
52.174583
95.451271
65.208107
51.002083
48.613464
30.447178
67.521088
73.002632
5.890103
39.967159
94.338051
46.919670
23.331791
92.316162
74.299377
7.974597
93.593704
31.080872
96.359314
67.788940
84.023109
63.873230
16.203642
5.718744
21.132664
48.721451
71.822609
45.123878
91.023048
49.591343
5.451318
52.561310
88.169708
2.188529
81.565071
84.568680
5.410936
78.164337
91.060265
5.438866
87.301666
56.540386
3.593410
78.412956
14.749654
2.058223
94.706352
75.709152
63.871258
2.713829
76.960587
94.336784
78.993774
62.620792
91.491699
19.358450
74.650909
3.331640
6.784761
13.601967
32.653008
31.542398
83.605652
15.707511
38.381279
85.009964
63.307991
61.470188
53.815659
84.312416
4.244248
33.091240
72.384315
85.984024
41.693100
8.062727
1.319136
61.217060
22.819927
70.173332
65.065628
62.959206
91.374275
75.445831
93.837273
53.602638
2.120492
2.444199
51.433975
62.357666
4.816738
65.355202
72.832344
96.851532
46.896324
3.409372
48.807343
52.438061
87.448189
59.853638
60.926720
76.009857
37.122734
51.346291
37.198467
80.266510
7.468839
71.074631
93.851898
43.754345
1.213519
83.762123
64.294937
45.221451
1.524942
73.000275
53.637093
15.391505
62.115723
83.362396
78.445915
95.700111
47.751846
74.960899
67.886444
2.544266
41.120174
44.175430
54.998093
71.142853
50.400879
2.489813
63.373085
76.093727
37.754608
10.653221
2.227449
89.481644
95.064034
86.311623
94.153351
75.017014
4.468030
57.887764
15.613519
88.095200
88.837173
45.581203
19.594524
43.117599
49.037666
88.069633
82.521606
87.727768
11.517449
83.768082
11.290792
97.425613
95.678574
89.969948
51.051338
50.730946
99.136826
3.593410
5.023834
66.206894
69.069084
89.067474
80.934021
34.559116
74.391205
98.836884
85.153168
10.664731
71.441360
29.420895
0.960195
45.107811
1.256617
74.490784
1.335697
93.100067
90.339462
48.720314
94.941101
37.604946
11.014542
83.924774
82.475433
94.512016
78.418182
33.312099
75.708427
32.668133
55.577827
10.580015
88.491997
83.794548
79.443054
27.251720
3.565254
72.713196
75.773521
78.541740
76.073738
95.963333
61.911438
44.184326
99.015373
58.313297
82.455658
11.444934
83.286049
27.776207
100.252365
86.304245
70.112762
8.029566
89.532936
2.189743
17.320839
1.908973
66.907051
75.826141
11.332825
