51.109890
55.049973
21.483898
61.121483
11.852782
9.494905
8.201670
11.733580
38.890339
21.345417
57.682552
47.476490
58.751873
38.243462
15.525883
60.689041
20.515678
11.398222
9.586677
65.358452
38.462795
40.354561
82.191048
21.887354
20.574574
12.503212
32.987766
10.777613
33.813679
9.307029
28.556629
43.710419
19.110699
31.436005
43.076015
37.828381
22.489676
96.652542
11.375456
37.651573
61.637672
9.806510
14.557170
22.902031
24.494858
61.506001
38.736942
29.427567
67.414085
53.465805
22.053246
28.793972
26.482658
26.611370
29.293697
35.502823
20.272930
31.030293
21.670025
24.566772
47.653469
53.618938
33.509266
52.735088
42.143841
19.615479
55.840500
111.446968
45.179855
13.531115
21.750526
25.986141
8.979235
11.567664
67.508469
65.001732
51.219021
65.552864
60.148300
34.691143
66.929153
30.254005
14.039036
26.738766
18.687397
71.767586
29.495956
8.283048
39.592686
21.542984
55.935371
32.007835
32.830090
52.210571
47.239414
66.278816
15.018082
71.786118
28.249550
59.733532
33.283638
12.150069
46.174988
19.556004
44.369678
60.495853
59.470226
24.104145
63.826790
38.164139
68.232727
11.881881
31.128105
37.188404
30.716969
44.343269
47.530987
27.755184
23.554121
44.124249
36.604935
67.890572
79.512878
44.558907
46.365028
26.914814
17.504677
41.621311
19.178555
43.028252
19.945316
78.768013
82.636589
44.405895
62.851494
29.610516
46.824394
33.091202
19.018921
59.813721
126.117172
83.793274
20.291975
32.123604
51.354473
24.510357
24.615044
23.007244
49.093945
30.604836
59.212833
49.946819
16.041182
28.783943
39.297565
72.402390
33.635586
16.582659
51.643566
10.458454
14.532171
9.183662
39.587181
40.811260
34.514122
53.690956
66.545021
34.376560
21.099375
40.352306
50.600128
54.864662
51.537411
38.718945
13.354761
65.817085
89.882080
49.804401
10.406894
28.555538
58.905041
65.116821
22.067226
72.037445
23.067093
66.019524
47.873215
20.356209
57.686172
52.025768
47.427620
61.089790
28.624832
13.143216
55.149349
34.590588
76.504616
11.006046
19.868130
32.218174
49.351971
67.171173
24.632278
22.120495
31.059170
31.503429
58.882660
9.245827
44.515781
11.674591
27.344173
92.236824
25.917389
13.504046
16.553467
26.794228
35.596478
22.943314
65.689819
8.927860
26.124180
31.628384
50.369125
56.612782
27.792023
30.362980
13.864889
111.507561
38.928101
82.928474
31.312054
12.433594
13.180946
88.905891
11.245638
36.880836
8.938116
24.339527
31.756123
26.019226
66.711922
16.926189
29.564251
25.581249
9.904915
34.177200
38.531212
35.604168
12.665236
37.083084
24.804642
49.004002
58.365036
70.774246
29.467342
12.359380
9.330675
22.059845
68.713684
22.142925
31.672142
75.810822
15.931271
12.820295
9.474585
29.733574
21.535959
30.602798
8.251587
20.167652
21.464939
19.575634
62.283939
51.835987
48.803326
49.296856
68.400024
10.427083
15.318376
53.618858
11.020930
47.349995
45.297779
41.685810
31.822498
60.488266
9.780060
10.321354
55.831291
59.524071
64.236282
72.562096
60.891769
9.866028
64.020638
50.461063
34.162888
59.706966
13.652624
71.527962
18.958593
22.736574
33.293610
20.973875
61.323772
22.826946
37.976746
44.194187
69.925392
56.443489
39.057545
47.595078
60.804726
19.034184
29.444187
9.668224
90.745209
10.057323
19.952017
31.045406
57.018948
25.649052
42.305893
54.307602
87.823341
31.494053
29.195511
50.085178
15.329751
46.295738
26.290131
28.204842
10.198686
38.020046
16.698311
54.298992
49.790016
20.791630
70.549477
8.480241
13.895730
60.829731
18.215199
53.929947
37.642735
9.282457
17.013647
53.424244
35.625847
31.456287
33.200554
37.741302
170.490646
34.371670
32.279667
24.499256
19.799250
44.404736
54.075348
32.365158
80.793175
21.337826
20.884846
39.051132
65.756096
17.239939
20.946766
8.201670
48.805069
23.065350
15.332994
9.569275
32.437000
32.767448
50.003292
23.546429
18.259058
42.617607
44.873722
16.710014
58.362217
13.797084
44.848629
36.773945
23.515690
58.467079
59.353325
28.766548
44.282490
24.301426
18.692917
30.173222
19.943325
50.186451
60.788971
21.191841
12.601727
93.812195
47.677761
56.827034
52.313885
21.713135
76.136841
19.645649
37.085541
70.116821
39.150299
19.159424
17.217682
16.950142
15.310846
30.752785
66.064705
10.154001
45.739464
56.515865
33.525143
29.753174
11.792401
16.689844
10.093480
28.228695
30.397087
24.739784
38.330708
13.110914
47.155243
30.086395
51.121601
59.296894
32.412212
63.120094
40.368015
38.383194
21.726646
11.674906
26.084183
45.910767
50.784023
61.407551
18.765354
11.374195
12.595259
16.495152
33.467060
20.080048
52.935413
18.222864
60.936314
27.734245
10.963961
79.642838
53.340267
92.129913
14.653360
8.220098
56.219803
41.161934
15.318993
30.604824
32.974762
54.107967
39.352993
14.887590
27.998959
35.609604
36.006489
22.437370
40.199440
59.890617
26.467007
37.380047
14.288692
28.677109
8.318233
46.445999
53.604671
38.266834
53.305519
19.941221
72.462418
13.639467
11.769351
20.897457
11.392521
9.646455
41.312435
19.008678
17.957752
14.232452
45.737213
48.543217
18.768661
59.420010
21.665100
31.375473
21.762053
22.002060
43.423710
16.414639
19.482494
21.317430
57.690292
21.345417
36.640827
15.451702
15.268189
55.612820
35.996899
36.373749
54.679527
77.738930
43.169159
13.776613
29.871773
65.648048
26.012947
14.128237
58.308922
13.162521
27.004635
27.299526
44.589592
34.475945
41.744419
11.473001
99.279114
28.006214
33.353321
54.127018
11.640242
43.518478
169.642731
22.781612
19.771076
45.880833
25.966988
8.745629
29.766106
73.719574
45.326138
46.327801
50.549004
34.258686
46.616955
40.699596
63.451889
41.688469
14.312035
40.448109
14.710712
24.470192
51.602417
8.810368
52.847485
71.886253
13.751209
39.307674
9.941711
46.995167
18.916016
31.528427
87.303574
24.530678
17.294153
23.356331
61.165611
35.682156
15.919501
20.804211
35.406094
47.772774
13.839539
8.408637
13.631405
31.692116
22.860514
47.131516
68.059708
30.485054
30.521168
45.694069
52.372734
60.818459
9.691623
23.296257
16.924625
31.338482
52.103733
23.498352
32.324234
8.590643
42.028969
60.851532
26.662937
14.104451
30.061783
44.748371
14.040792
19.241772
24.345337
39.118065
30.056248
10.253271
26.531086
50.681637
21.043934
29.690979
12.371296
8.720690
14.797634
26.311947
59.725220
40.212181
29.700520
12.584204
52.906433
41.620293
45.604450
31.100235
44.455700
49.051880
10.583393
10.247309
11.332245
25.708851
31.600632
76.063980
25.553284
35.611046
28.446209
86.776268
42.650417
12.075775
30.936680
79.200859
8.720355
8.354735
79.349220
39.623051
96.961662
16.490677
51.145615
34.277794
47.738270
12.733371
19.919937
13.787374
48.148125
27.826599
50.676952
23.967121
106.603912
54.369225
52.055840
27.560707
17.409359
39.214268
58.979111
9.397683
35.587780
26.307739
24.779564
16.349075
9.103652
30.073330
54.015858
15.477929
45.731960
41.267467
14.824648
41.344109
23.345989
24.158964
10.042773
14.845113
27.853790
53.020172
24.426617
126.568291
19.315851
14.214314
43.666676
44.080688
23.190771
39.649498
34.864326
73.311119
34.626289
15.777742
65.487541
46.446365
14.212292
53.764599
159.409836
50.055229
37.414215
31.286358
32.735161
43.747601
9.109742
53.515491
48.166138
31.008404
60.512592
24.578602
40.249035
40.746471
43.853527
54.706650
63.038742
27.000217
9.205279
61.197853
55.237576
29.416183
8.495720
28.075943
22.437370
43.308224
105.034981
54.063572
22.391466
12.820295
12.064047
10.996642
19.245041
60.308956
14.027575
29.102421
74.275047
36.743469
19.544741
22.672283
42.420494
25.203148
43.544945
10.927455
69.883102
41.544369
41.191257
54.263290
114.260857
16.597301
52.216602
54.348873
25.669170
14.889457
35.189651
34.525490
11.473001
28.965908
33.885326
20.648651
23.438717
39.270615
46.962814
55.034100
41.903519
66.423759
27.270870
56.709084
13.299950
15.122610
33.059608
10.816014
8.274612
83.430176
26.799911
20.772770
30.080364
54.214615
40.729736
41.084991
36.186840
23.353397
61.174294
66.592087
21.242659
20.464035
20.006802
26.029343
49.692261
11.233917
29.002151
52.473267
67.168571
31.697067
28.207912
58.954216
66.178986
47.335850
20.614122
12.464228
9.925786
19.629444
53.490475
33.330791
33.763687
95.458801
144.634354
72.817581
40.603058
176.603043
85.606773
14.632761
22.684299
30.098423
9.187126
78.223419
40.490768
73.382408
59.546566
59.631161
9.818714
37.584579
51.789028
8.282314
16.100391
8.372513
61.001816
40.238495
55.988789
10.733719
24.003466
20.594666
44.230328
54.718140
49.888775
52.425297
14.344065
41.995598
41.417282
46.844582
40.175102
15.643281
84.812416
59.094746
63.771866
46.154896
132.071060
41.404118
61.240467
18.571625
47.409676
35.973461
9.309735
34.239273
15.840458
17.470528
77.094070
19.272232
35.904007
31.482903
43.924313
19.261999
14.874072
8.354735
49.248283
45.996441
41.520817
51.769619
11.936134
32.152115
35.858673
37.021240
11.278588
44.024475
12.001509
67.939629
13.189275
46.199814
30.826454
10.746541
39.663513
29.249001
71.429375
43.982719
39.324245
19.676960
40.453472
53.987598
35.114346
47.485241
12.865831
36.298069
54.437595
46.091480
79.089455
19.315945
8.569901
20.215708
42.741646
32.455616
41.170532
52.264267
20.468483
27.753826
57.010254
64.047623
22.442488
47.131207
55.153931
22.781269
34.718227
50.567406
26.715084
12.877674
69.998405
30.480072
41.532249
62.021076
25.508945
52.566803
78.786163
86.194489
28.949982
8.934523
17.787296
24.991123
14.279840
18.181969
10.158011
54.836937
63.878860
15.496620
12.279776
10.956307
37.151447
15.887590
36.152954
54.144276
17.798950
70.519569
40.448193
22.612820
68.094177
39.591282
31.356785
56.278561
8.185083
36.878872
61.678837
10.776722
8.550460
44.553181
67.188278
45.758804
64.137100
71.676796
37.259632
9.343658
10.973102
36.096127
41.170879
16.417671
23.533695
59.764126
28.965405
37.245850
23.158146
24.145554
31.501106
43.541225
41.007801
42.163124
29.665287
40.165379
27.737869
41.648521
49.429581
14.446293
86.444832
30.881943
39.827984
38.401806
51.255798
47.594177
39.048100
42.610493
30.234524
27.417343
42.088863
63.876255
38.184502
29.845299
9.810983
64.900162
9.659719
26.246555
14.532995
87.538818
14.287953
16.372120
9.342761
108.973473
74.145348
31.585339
29.260929
38.879997
16.378551
64.714630
38.520065
22.513987
49.053074
9.232096
41.432575
15.268187
37.110603
9.675231
20.374287
77.422127
50.315079
10.901161
10.030592
36.854900
55.378147
56.460941
35.547546
19.157944
43.896690
45.424656
59.011826
44.346848
44.935280
14.749134
49.246529
46.165195
65.875862
56.706917
24.633133
20.406502
18.870790
23.372501
81.255074
101.404694
16.716234
29.581467
53.957302
9.472820
67.431908
30.101238
24.030411
25.289154
57.806187
22.097563
47.970886
45.819721
67.648247
43.941162
65.091599
17.771700
11.673726
24.661171
38.012978
16.469196
18.032686
65.026459
36.590382
9.925864
77.146919
48.604107
32.890491
47.489708
49.070850
36.171078
77.995216
83.063393
36.551006
28.442585
25.122517
12.652422
72.782852
14.503124
14.790621
21.643648
34.492458
12.850946
19.348940
32.108154
16.320786
21.110397
72.705902
26.969135
42.610394
10.122432
34.938892
68.383461
8.192350
9.829405
115.850960
41.088329
27.126347
44.569714
60.433674
15.248779
64.107681
9.586677
26.357693
31.156868
113.832214
21.312607
8.239267
47.429741
15.940367
42.931187
52.599945
17.528320
29.285564
57.097092
8.616335
17.508213
40.865025
16.824623
17.215328
50.886936
37.874687
12.266558
17.770187
24.489231
54.689186
8.292674
40.760468
37.398998
16.203442
21.053123
68.711250
26.209122
38.279114
9.318685
8.251587
56.818756
54.456371
63.530769
41.164700
42.712097
8.526105
20.152466
27.594814
24.472584
20.629833
25.940254
39.068283
35.111588
17.734898
41.650566
12.948682
9.198289
36.978336
26.630062
21.032499
45.733471
15.734089
75.073929
45.222370
35.794930
57.656136
10.305022
20.923302
22.819050
11.270828
41.432575
27.594814
19.643875
16.338356
47.965816
23.687471
43.672565
102.663475
41.652100
56.815601
18.351412
32.148468
38.456207
50.085049
33.330101
26.551735
84.736992
63.072666
49.252697
17.450184
44.427738
48.776398
44.575294
9.545341
22.133293
39.744549
33.827942
10.048383
37.318649
28.478493
54.415588
8.747765
53.435341
17.199802
37.620182
44.913616
43.330757
43.874031
59.928726
26.306149
28.541077
39.440678
41.967323
31.773781
26.695526
28.099518
56.906586
40.761200
10.966959
19.552647
18.945786
38.101376
52.601036
59.262581
10.908619
14.205154
21.006363
16.772604
9.644706
31.864834
35.117088
37.167732
8.459689
38.135445
47.696960
11.171491
17.835001
91.655212
34.166679
61.770668
40.877724
31.394608
39.050900
25.363007
70.642380
15.697359
17.419991
77.327576
62.252232
59.001804
9.477223
41.923702
8.499496
14.465058
53.310349
42.194267
25.765446
26.806881
22.878141
28.583275
36.437756
29.089706
12.125115
60.143860
53.909821
31.035389
70.028625
19.476326
46.302612
11.000480
9.391644
34.367504
37.007595
31.836895
9.128638
35.860680
46.126553
54.414265
46.844318
75.770393
24.600639
74.133766
60.368763
14.257926
46.749901
59.212868
14.389582
41.469280
79.305084
16.519758
56.842548
17.921947
52.245255
32.074402
41.715092
20.584427
31.800594
26.328449
17.418139
8.920297
72.270889
13.167114
21.433336
21.452265
59.326057
23.533695
49.660965
21.632570
51.672665
28.212372
35.146835
10.827168
17.567585
62.821007
11.969400
52.804993
15.262392
39.955597
13.525590
27.227333
43.813961
17.669022
33.974976
30.219704
10.001125
45.569508
20.528196
60.205452
36.774723
49.966213
25.734985
76.160690
42.706280
12.597698
36.606319
43.340317
13.248093
30.861900
31.437748
32.218151
67.720695
29.567787
29.410233
21.190838
108.786858
41.542908
29.465199
32.381119
70.276047
35.893936
18.315594
41.258835
43.620586
32.999416
23.364561
26.800797
74.550735
48.432991
30.298557
30.406368
10.798046
35.523438
33.224689
24.390217
72.146378
20.814331
55.045418
27.525074
44.978573
12.201779
13.077666
38.900986
56.659603
10.134017
44.826199
46.512329
61.999031
21.641590
25.162716
42.166786
24.011885
8.640563
15.929533
12.324940
58.056446
55.560719
32.899841
48.532139
71.118599
51.702900
19.100660
74.746620
39.266247
9.042805
17.753242
13.324451
32.711143
28.783943
14.502520
56.399673
19.324341
67.614517
25.258591
24.324429
49.141216
49.624168
46.117344
10.389219
17.688925
16.970196
35.580769
28.895725
21.494385
8.594962
12.717043
70.945992
56.552536
18.108093
36.802525
12.784052
53.140831
31.017559
44.221794
44.623806
41.905743
49.590515
37.521465
27.900257
9.810983
42.570435
22.832186
75.463005
10.111506
53.428078
19.791498
11.813437
28.664909
39.898884
66.627670
61.706139
52.300350
73.266869
49.487900
38.521069
14.325746
12.101449
47.598614
37.993134
39.822887
66.869392
32.155342
65.686981
13.384092
34.508915
11.678777
27.878151
38.072968
37.317822
49.562126
36.276817
41.131184
20.006802
67.546463
42.437679
36.373566
32.660919
56.039425
12.549970
57.521324
75.686287
72.891464
20.579269
37.671902
87.745705
42.610405
96.921791
16.578516
23.558826
30.020351
37.629349
46.744411
43.929047
14.955721
23.682384
32.268913
47.597218
11.715125
25.296577
34.423382
29.402767
48.093826
19.095703
15.695557
34.299076
33.332874
67.574615
36.899860
8.193456
11.731463
8.825798
38.934002
65.458527
96.364410
14.242636
52.762577
39.230968
66.665932
9.055960
8.404476
32.663376
15.040869
61.315037
20.046408
31.916161
13.098783
48.200813
19.078318
39.987049
55.776115
35.722301
11.257691
16.314114
38.776649
69.825691
18.778538
41.508549
27.526600
8.796299
44.098591
59.424717
73.263000
61.563183
10.288849
56.908161
62.461918
54.060902
20.262043
40.430534
41.686203
74.324722
23.619900
36.912380
50.634624
117.394356
39.960972
17.400551
10.979486
8.940902
78.380501
10.486411
15.950318
41.860500
21.242292
8.610546
26.764343
11.283428
56.543976
25.167828
47.129139
43.251316
78.884293
95.358353
9.318819
57.971497
29.365978
57.060249
13.760441
22.190758
15.459991
25.111801
44.003258
13.636207
19.652355
8.826967
28.638470
44.837223
79.541344
30.821297
44.200630
10.348539
11.674860
80.481255
55.895935
46.841251
67.043175
31.541336
25.781986
53.068733
61.309830
35.192692
21.542526
15.746433
47.396549
53.048519
71.101860
57.448818
74.067665
29.316433
35.803585
22.127357
17.843504
11.558220
20.624191
50.828232
50.819183
62.658787
72.696228
12.621821
34.562645
58.529778
25.233582
46.974308
72.323730
9.526775
24.848053
8.695725
35.249561
9.573005
14.166269
45.182022
52.338505
66.557999
24.639969
17.920408
32.030273
66.927788
67.918221
18.617542
28.318928
47.247402
46.646641
47.085167
36.674789
68.910439
38.563259
57.747578
15.677244
10.794081
27.912560
23.848799
33.541008
51.540558
51.207043
10.455041
26.311474
82.303581
56.594238
18.225182
21.521397
43.733330
76.760704
49.838886
34.020653
30.642567
32.373295
16.729889
34.376560
70.965744
62.819695
53.570667
52.604702
42.175964
16.434362
44.433117
68.670906
19.749977
9.146770
59.445011
46.269501
47.612267
33.698547
21.345417
36.413105
48.736748
40.750690
27.216003
48.110371
68.381332
23.110365
19.297710
16.459799
18.257767
91.794708
22.369152
28.603916
45.913826
72.171669
34.611557
44.682499
10.590542
44.570221
58.795128
8.495720
22.477116
32.475830
11.902241
8.689900
14.105258
13.721346
17.355780
8.235555
47.044743
67.067314
19.502232
14.684870
9.440239
10.196707
41.222225
49.664211
18.593359
69.124062
25.082718
31.641483
27.999989
21.006363
21.599346
35.570496
31.486664
67.730843
27.860676
8.210200
29.818268
25.451488
21.952785
62.574196
32.087643
41.041916
28.000805
25.688992
48.040974
26.013817
35.587978
15.349362
16.468412
62.386250
16.100391
24.500534
17.077389
36.034325
43.950760
50.789017
38.149742
65.885925
48.665867
55.669548
54.429050
70.016647
27.474693
40.409130
34.939163
21.898220
30.377216
18.405666
21.998573
58.988316
33.479286
41.032867
122.126503
20.744705
48.936485
13.465965
32.505806
70.944115
9.725910
48.582542
30.609917
66.727432
38.212135
44.858501
52.746681
62.139603
10.124734
59.553795
46.139191
11.451363
47.015488
48.623325
9.262791
60.205452
77.717628
15.770454
41.758289
46.559349
45.720551
21.439472
51.733200
58.349529
16.683990
56.700584
45.549789
46.633854
38.510853
31.047874
14.342927
9.342761
53.880039
36.462074
73.396469
58.033306
20.168673
26.729374
34.356564
11.473006
8.924853
24.854111
26.353268
60.313869
40.547173
24.468956
38.073437
18.134335
54.507343
18.878914
16.730606
27.863041
65.665535
41.778191
50.721664
39.174103
57.294964
41.432575
97.055840
29.122643
74.662445
47.227257
56.680492
12.975828
58.374939
8.207989
18.354424
72.223282
61.534916
25.452549
64.792076
24.386990
65.057526
14.773947
23.859129
39.780983
57.472370
8.810368
47.796329
22.086853
10.907522
48.233677
63.724030
54.556870
17.393364
55.612915
20.866699
18.024094
52.984646
38.340805
16.410782
70.419205
39.293915
17.221218
24.826561
82.746307
22.879116
28.179218
33.263424
26.718990
19.761492
16.365498
20.092079
47.935051
31.392864
20.376442
29.461391
36.294865
39.860867
70.477386
25.024494
51.799717
20.992832
30.088364
94.189545
34.704292
108.850258
40.724159
57.752407
31.019836
49.741047
96.129494
60.692070
54.482777
21.964413
42.740467
38.582684
41.879471
10.810015
8.385837
59.237640
63.116413
32.274258
49.016144
63.406467
33.183239
28.139473
72.365913
38.648151
42.014923
21.828030
9.486033
36.372707
33.045280
52.534687
58.383816
77.771133
74.147064
48.475842
19.152214
8.469794
50.041512
43.604641
13.089119
78.462547
28.845547
29.883568
54.247669
56.722500
48.620720
34.365097
35.827591
23.714500
42.784763
28.611115
51.636063
48.272026
22.467188
30.790730
26.594730
36.429211
26.589954
27.452755
24.259098
15.814310
26.102718
13.736740
19.895657
30.104416
46.850464
18.780621
20.697876
59.539684
18.588169
44.740284
35.259975
49.040504
29.257637
28.267563
32.441814
16.349075
60.134167
48.947857
19.947405
8.246881
53.033928
34.445919
25.798538
54.229473
45.740204
77.651184
52.304497
9.007355
10.208290
32.360752
32.442432
37.507347
13.084981
10.361217
55.857559
90.034996
70.539642
57.911079
13.477625
22.348581
47.414330
13.629840
26.629105
53.163925
81.997116
51.646179
45.454407
21.902199
30.617706
39.005405
31.689171
66.431129
50.992813
39.353142
40.699070
81.776947
51.721313
60.837326
9.265375
47.018784
12.272253
37.357067
35.967148
8.969145
10.700384
44.115635
51.390060
25.306461
15.765336
10.527761
24.612957
11.764552
33.251324
9.306158
49.327473
26.384140
58.253693
72.577660
27.195431
16.693882
29.106247
28.411949
26.800682
52.247028
10.964081
16.939367
30.450195
28.231602
57.187191
56.045166
13.923202
17.654404
13.650662
24.432304
67.366676
67.946991
11.731463
56.150249
13.837581
65.535065
61.076382
25.507896
47.825554
38.696762
47.180843
30.784019
33.698547
35.157032
47.990978
8.566639
22.470047
21.519421
18.840847
43.165707
13.346424
44.081726
30.184414
48.560490
11.962221
23.214403
47.980537
33.621758
10.274004
19.470072
65.541588
47.476490
30.775940
37.719425
10.467484
9.189260
29.070171
12.135666
51.371738
23.999386
10.055353
69.650620
18.334984
34.911240
33.614429
88.884232
12.921520
18.728458
30.040016
76.735031
61.522995
31.866436
28.626602
25.271873
51.325470
12.656423
30.605125
26.126186
21.186529
14.955721
32.006279
24.933212
61.573570
19.128538
53.660061
23.950165
31.168526
54.878876
22.957468
167.302948
33.180473
24.707024
8.276926
30.385487
20.071421
27.421188
42.720234
38.672527
45.130211
10.816014
48.905464
42.423283
35.779598
36.548439
32.537621
61.296658
16.683990
16.181522
74.452957
47.184811
8.193456
31.614117
11.151406
45.203491
13.484177
14.896079
61.004463
16.285961
8.255914
48.607540
54.665749
25.591621
32.342995
15.072104
12.376638
8.335115
77.161499
57.731270
34.899994
26.318241
42.843693
9.590779
29.176178
34.191082
24.872688
113.997810
37.357143
73.687782
73.299690
80.062553
17.977665
44.482555
26.561268
63.907978
55.837269
55.354263
29.202682
51.273628
77.948807
36.044048
15.451545
55.181633
97.730751
78.179085
32.560726
50.302044
19.138975
42.549068
8.489017
13.122702
42.575363
66.319298
52.104004
39.401947
10.242211
60.421440
11.687641
17.875160
46.809025
52.609100
43.137306
9.586677
45.676834
42.988655
69.558617
18.704208
55.906822
40.826508
56.717159
27.672829
27.750214
10.274004
19.140564
86.566063
15.245348
13.854998
55.959206
11.301937
25.105614
44.295555
16.758442
41.271122
13.904911
14.009745
25.702011
11.952650
36.024700
49.811054
19.752028
69.083191
60.231140
57.852940
25.205830
55.976254
26.026665
68.270180
75.249649
10.162744
58.092117
21.187346
38.393818
16.155275
37.139709
18.518414
49.568413
31.921860
15.701307
22.322742
62.129326
58.796467
71.239151
16.741020
51.764706
80.962418
68.936279
10.077680
68.717400
65.420906
11.060829
24.804642
68.230217
24.478386
51.753780
14.025623
40.343899
48.040974
57.524082
38.020187
44.178707
33.525444
32.441814
54.053986
26.736217
16.232500
35.452778
31.697784
81.505730
22.127907
19.801453
34.208645
12.936722
22.345325
49.242332
48.798809
46.580353
25.425331
40.194592
39.171875
63.333412
55.382950
11.445254
25.309288
25.242535
49.567028
40.613903
35.139385
8.917959
44.196167
9.013212
13.146670
37.595470
69.322586
21.420324
58.599293
20.197763
68.854393
25.194790
9.165356
10.608439
44.085251
67.181877
14.610920
27.813538
52.792015
44.974060
35.153019
21.330647
10.394135
29.289833
23.558376
24.769371
23.922474
39.570343
44.610027
38.388237
9.120687
60.260220
66.437164
14.871117
61.011860
44.578072
31.621456
37.876755
23.658937
48.235950
56.290337
59.465694
10.389219
14.164418
41.440468
29.624561
22.385399
66.630608
44.288486
8.185083
88.434288
31.670795
13.781565
70.002846
10.068678
94.159866
29.601318
28.857723
8.929177
36.642895
48.856110
39.639500
58.980679
57.284271
15.222588
18.836487
58.636147
30.256855
32.473969
70.271355
10.235229
13.381687
33.558002
12.508581
16.451157
19.015707
43.367458
55.548168
83.610260
77.160896
39.096191
18.130610
55.315842
8.469794
14.239592
51.835457
77.740425
20.774904
26.780804
51.368427
48.625477
34.054787
35.270641
37.093914
48.066174
71.772797
57.436798
27.826599
26.001534
11.388863
25.325417
42.172966
80.719231
17.406368
14.384578
27.264107
37.042007
34.368755
23.777527
45.848934
46.449356
22.891870
12.001156
88.600182
12.320560
57.058685
17.625912
49.069252
17.647337
62.191383
62.202404
24.073250
39.051228
34.425274
50.104774
53.612148
10.081730
32.887066
38.521942
41.479477
11.241108
29.098171
18.291542
16.565882
40.085300
64.218987
41.700974
11.180202
43.664841
32.206654
18.072563
44.821289
28.019180
48.028732
69.624924
15.521772
16.565882
70.199234
65.113251
78.726212
28.673000
55.497078
14.673162
25.332737
11.568123
47.872677
24.950977
40.406498
42.345352
34.331936
66.059631
39.752346
57.304214
57.098824
27.263611
20.323704
16.602791
69.604706
34.455017
30.970654
15.104525
15.310951
11.358919
20.725449
16.598206
54.759094
13.668671
51.475143
17.832058
34.306152
9.998981
36.511089
19.298950
16.678795
39.511135
71.791840
14.368494
68.871277
29.073067
11.741877
66.894585
40.029758
47.385235
36.104809
15.027193
58.373585
91.397209
20.902092
57.992203
62.644295
41.383099
24.121136
19.452103
59.562805
43.052788
24.478889
28.019043
73.155960
8.335115
12.328751
18.501324
21.335403
46.886562
68.806992
38.965797
43.526329
74.253128
46.952030
35.776733
12.262893
44.980137
47.409763
90.788315
40.519890
27.998478
60.341217
28.536381
12.184895
56.168617
9.280836
30.811123
14.680771
52.429661
58.701221
30.938499
53.517120
32.686581
44.624256
38.777657
37.961838
73.725906
26.152832
36.564510
21.807228
67.863380
66.318649
14.977153
9.510033
69.242500
27.423489
31.832043
76.056999
50.736889
34.046577
11.361118
31.735828
55.820633
51.748131
20.006651
34.143951
53.068150
58.455673
9.470209
29.414494
38.046268
17.136995
19.857170
58.201962
63.221630
15.477929
56.443489
34.838245
20.937630
12.304762
25.807495
10.460926
72.001320
34.376560
37.310402
60.741108
73.232231
38.908543
45.796986
21.418419
14.557170
50.262390
48.966248
30.928299
15.566117
21.464798
70.246017
11.816375
56.423882
62.220661
11.963798
74.528526
54.762627
18.653795
65.432266
34.949005
9.526775
10.648929
32.096977
66.888512
42.120399
31.812313
8.299288
44.759277
61.801842
15.843185
20.664730
38.805061
56.429142
41.702065
31.826790
11.437922
16.511211
11.767485
33.011642
35.793442
8.597920
24.019154
13.436098
27.510296
16.608727
33.553291
17.565180
24.227604
22.514494
23.967052
30.319069
50.553883
91.032501
52.025768
13.854506
12.527571
26.532448
49.209721
14.823984
64.673759
17.776024
34.675636
81.655624
70.599922
27.358685
14.277338
39.009983
33.552864
40.447754
12.536350
51.961491
29.460480
56.128460
11.936134
30.002605
25.606125
25.150665
55.395378
52.312603
38.028599
16.715187
62.168255
82.476532
55.632656
33.053387
18.370171
33.722847
25.273792
57.961597
33.221672
28.998070
20.926792
42.117340
62.263630
60.024956
21.126398
37.087784
9.365460
63.051605
24.256508
12.312548
87.399940
69.447777
65.414169
71.582237
46.084579
39.814011
45.959560
10.571157
43.573250
41.273651
51.985401
33.169621
53.115391
47.247166
67.152092
23.794962
66.821426
84.805504
42.645027
23.532566
23.510380
55.497078
10.771615
27.397808
46.368763
45.565968
18.183382
32.584141
32.677769
46.941608
17.274433
34.233410
8.993847
49.287739
29.838913
44.535088
38.216499
26.376003
37.364033
21.878391
22.992855
15.870583
24.259098
41.824745
13.121146
74.791237
49.655533
53.594711
58.451431
80.593552
72.849724
19.020256
39.884109
42.544113
58.176071
13.711468
100.837975
91.974930
108.998795
10.069467
10.859664
57.966293
34.968151
45.353176
44.788284
26.363655
52.744263
75.479958
62.034664
18.938053
18.604227
19.995415
26.294342
70.758942
13.033686
31.949738
67.136055
21.133045
13.944946
25.676956
25.191273
23.672684
46.163399
35.387974
16.796448
30.476833
27.372742
45.378151
79.159798
11.620431
18.156778
36.025711
12.099670
68.389023
18.243689
43.212086
22.343899
12.140756
9.116688
8.403960
67.004662
20.414139
30.924488
34.067520
16.411453
19.202499
8.505016
70.770142
39.036728
19.537268
21.990919
80.045845
51.183128
110.125999
15.747868
65.797829
56.295792
40.098331
39.983353
21.489906
57.442535
71.670441
71.502884
60.002304
46.828850
10.498503
32.310101
29.767288
71.310356
17.135502
37.729851
26.996166
63.228577
47.072128
73.581963
32.023609
24.409580
39.735214
9.445746
50.813793
54.052132
19.406811
12.245960
24.695816
19.608891
17.406872
24.245815
46.783169
29.333511
13.073249
38.355339
30.692070
57.346195
20.238503
77.500809
21.658567
9.272139
69.625259
48.065334
27.773811
13.679482
49.847752
8.187874
9.112496
28.039478
47.125130
22.943398
28.145409
14.560721
23.560215
26.557819
44.339333
73.967621
10.173230
29.084080
35.476322
10.280088
10.900700
30.772034
49.287712
13.422234
11.013669
25.859219
47.347137
28.461048
40.486401
90.089935
16.330006
73.677940
11.771394
34.000362
35.976387
13.711287
60.832508
41.103786
23.837959
14.698203
14.245119
32.050507
46.105103
14.629807
40.132645
9.445246
14.778223
60.421440
22.146156
32.005135
10.829726
9.461938
72.748886
11.574087
52.219967
14.586024
29.108047
54.614361
46.343761
9.840137
39.968758
10.714643
84.951103
22.565153
8.780160
58.510544
38.197338
56.315441
17.459709
14.371513
74.125656
54.345928
28.474079
30.484291
11.445254
61.718525
85.308838
27.509872
14.865511
68.629677
44.159218
32.915054
40.597794
117.548271
52.968922
62.025665
55.815926
14.659327
65.934662
8.667955
27.755219
24.230301
11.405003
56.189785
13.145315
28.039478
31.630314
27.478561
63.644447
9.215279
38.428780
12.528130
41.257919
24.546143
44.497322
10.495064
39.278954
45.203686
33.336624
12.806448
38.192841
17.798950
24.201687
44.714706
24.225327
60.018257
20.937630
14.354141
43.193199
56.417545
32.341167
29.560326
9.744207
37.753178
21.708290
10.906920
35.681911
46.965900
22.741320
44.711315
23.285875
23.569962
29.886623
32.860062
79.954727
19.994926
49.767021
30.416031
11.893204
25.482960
14.939451
73.388931
82.461838
58.218029
13.718554
24.509380
25.323326
8.222522
51.138931
67.518921
70.592087
33.687096
30.062019
46.175766
56.114197
59.765068
17.514503
32.386795
98.673462
25.860325
42.163887
40.429855
41.422688
25.289921
30.579288
14.784643
20.380241
14.888929
99.148476
23.343666
62.238701
53.264690
28.415558
44.091522
30.560959
71.304642
64.968513
68.526192
37.662395
42.932201
92.629196
34.340374
14.491443
61.808266
9.941465
61.501522
36.227100
13.174516
23.244389
18.459538
58.251255
62.614357
9.961562
36.696671
