81.753128
9.752909
3.081906
94.784760
58.517105
24.726440
64.887878
3.750385
28.645119
85.319511
97.730728
97.225456
58.487797
58.470783
103.830688
7.651512
49.677475
91.611366
27.083397
72.870239
95.758247
7.598092
12.046731
69.018005
59.445850
74.206596
87.241493
6.818897
7.102069
51.864815
6.449597
38.391083
95.969826
64.227760
35.949860
82.068047
79.852257
68.843781
94.349632
89.982613
63.239655
81.481438
53.614216
90.509613
65.376457
111.419205
60.172569
85.865952
27.722012
95.475189
120.214645
85.961655
46.867550
75.425522
-0.571728
85.608444
89.452324
104.568649
29.488914
22.782207
86.375511
58.399250
7.172633
75.144943
11.031009
98.644623
99.278015
67.892075
-0.626271
40.146812
28.802486
84.876350
66.209892
23.528263
15.770387
27.588665
98.504639
44.537540
88.583611
63.007290
45.255287
94.963486
82.264664
53.082443
42.320000
42.902924
95.404922
55.607300
59.069260
48.391136
115.890198
77.290497
94.200386
0.272983
-0.385924
54.329224
59.181389
72.391281
92.820480
86.048531
4.920947
65.729187
64.187187
89.112877
93.380836
17.439575
84.825859
78.608574
14.938409
60.009850
90.811310
15.368933
3.117823
98.799850
2.916459
94.789146
67.732719
94.885635
114.150497
35.744553
61.452148
100.067558
65.244469
45.934784
69.989693
101.617805
95.826431
66.697105
103.839203
55.151951
90.045883
66.854614
51.478104
94.596970
89.353310
83.264671
72.343674
24.806458
20.407173
6.024098
81.607880
92.274055
86.661980
95.561218
19.400246
94.914566
74.300011
84.650314
41.787136
84.934456
18.613482
34.771118
80.028282
14.787743
42.421589
96.037842
42.107117
42.978310
62.378983
11.529645
54.962749
93.176994
96.697151
44.874149
48.064995
83.216324
27.366604
93.458725
-0.483824
47.387833
63.407379
66.722183
60.195351
95.299759
14.856014
0.394724
63.007290
38.271118
82.413666
55.858624
39.425568
33.761364
35.533714
68.087990
97.724792
44.023510
40.108376
73.616455
94.713425
55.796265
35.711281
13.173027
45.254684
77.303207
99.535980
71.284103
46.870705
90.270111
32.730495
99.836838
63.591675
3.651762
93.392509
93.003036
83.423683
60.610332
46.622932
76.476410
74.941177
98.079796
73.287338
76.553040
75.892067
66.276634
93.110481
46.491268
73.027077
63.546997
81.864098
97.676086
68.705513
88.497787
34.238361
98.614883
35.697823
85.101204
59.926426
83.230278
82.080215
74.285690
32.277599
14.856014
88.701553
91.028114
66.709930
37.928818
99.124794
43.267315
-0.687318
0.109366
-0.580426
78.555740
49.018627
58.692474
39.045849
41.346107
29.412033
81.879387
11.395987
80.680084
42.107117
82.039047
20.407173
17.454464
13.216340
91.497337
28.823257
84.576645
40.862331
60.042770
87.782196
79.946762
70.675507
75.539818
6.768657
98.447327
55.813087
74.389992
82.317116
73.997467
19.166748
96.543411
101.480095
51.494431
35.533714
72.777466
69.193726
17.247601
79.122581
68.920525
94.985779
84.790634
64.275833
42.466682
14.171310
77.822998
49.638706
79.629326
55.254738
91.209221
109.963165
104.090927
0.036302
7.900508
38.731674
80.657364
55.904331
95.059845
99.721405
66.684990
82.619980
40.180279
17.019873
68.099106
31.464024
72.650833
43.258842
99.239594
77.649643
41.610500
113.916931
100.894913
54.223038
67.429054
2.666376
15.952751
93.019203
101.615639
104.692322
38.300747
95.274757
56.845245
48.074234
70.220413
94.089149
39.610851
62.529312
67.841057
78.507004
103.262276
38.318844
52.040520
70.916855
57.809227
82.694611
42.978310
84.506393
83.988968
88.656975
82.425774
70.325378
55.144905
71.114029
10.914433
42.999695
64.281776
71.699295
78.117210
15.518337
89.436935
0.796006
72.769707
71.707306
36.365593
98.889969
12.864923
78.637619
80.632576
83.775932
65.612015
-1.000713
81.001343
104.365799
54.793953
45.254684
38.611523
44.070518
54.641167
91.206467
102.808846
98.733246
70.196152
28.388111
93.687836
104.069618
94.940895
59.007782
67.701836
62.786224
2.166643
79.383179
84.944008
60.605614
32.712940
77.226967
0.109366
77.872971
87.646820
96.555405
29.511288
32.894642
54.197418
112.473495
108.524780
10.633583
58.379173
45.781425
31.546272
90.533279
66.415474
74.212906
73.853897
93.374023
86.633636
109.318527
43.107399
88.075409
73.237640
55.797855
65.986122
58.089874
59.514717
76.719147
6.031834
89.508499
91.960220
6.870506
38.406494
71.864677
85.914513
75.463226
94.069809
48.586082
5.022050
56.023125
89.645554
64.868240
58.630821
25.762840
60.513641
30.118755
45.679947
34.918804
99.882912
99.234467
28.959293
18.390282
82.197952
63.297153
103.708527
88.307533
65.986122
103.606789
9.791945
108.659302
31.309845
99.660400
43.940445
94.005058
35.041897
64.117851
23.898094
92.071838
99.651619
89.301735
88.173355
68.493607
73.142159
83.919464
95.274757
84.522659
3.204209
51.116192
72.828331
69.569870
87.249146
60.549046
27.748047
71.864769
-0.468326
67.430878
103.823753
89.249969
91.950073
71.185692
95.063072
53.781273
3.424860
28.687218
98.533852
85.634872
74.624710
52.147377
49.898762
98.740356
88.967651
29.441483
5.556266
76.414467
57.265213
80.529999
63.920277
87.831543
67.287544
96.638657
65.381294
46.061535
59.313690
14.075782
79.085381
-0.601928
47.682121
60.886620
86.128075
28.992554
81.191788
64.310188
11.526962
94.285065
-0.237542
54.164200
24.569351
-0.370200
40.458744
104.069618
57.629654
33.598938
89.105179
76.830238
-0.427201
73.662285
74.747894
23.095306
0.524621
88.102150
66.231705
42.244225
88.845291
64.921982
104.996925
57.946541
68.849564
73.590096
59.608746
10.720962
86.693626
31.717453
86.476776
64.433830
15.592840
24.310612
3.547436
59.692329
82.452454
93.662102
79.022575
88.575653
42.465843
56.460075
103.367073
99.154449
98.352074
49.452103
61.311020
77.939484
51.273674
83.862724
37.090363
103.504967
60.063248
65.915024
83.330139
57.738792
49.988914
21.590702
82.559616
-0.813964
101.138199
58.669838
75.119629
107.999893
65.743706
84.672188
113.357483
85.134834
97.577957
23.476269
99.203262
96.928474
25.300285
58.508034
73.407440
91.992935
39.506153
50.656712
14.470185
66.521019
104.948280
87.683861
85.458862
96.919083
2.834227
50.654991
7.186002
86.118202
2.670690
49.171307
60.305351
-0.572399
69.854477
89.617645
91.390228
95.961288
102.859726
18.058762
63.007290
43.526588
52.901043
100.891350
90.608398
65.428062
73.661087
89.813354
15.720395
95.347137
65.567261
73.558792
74.810028
45.206951
88.581291
74.755486
39.325359
56.997025
39.814037
4.066396
81.610809
54.153839
39.921013
37.997036
89.783714
32.310398
48.212555
96.938782
5.715620
64.921982
82.006332
84.984772
80.553108
61.794746
74.256004
73.345818
27.541576
21.590702
69.725464
11.560903
43.080269
52.339226
49.966805
111.976349
86.951912
93.328400
6.233196
5.340431
91.885628
105.769920
91.438629
83.671844
97.109077
30.849831
95.377235
