14.358706
6.627760
44.755852
-3.077132
6.126049
5.592339
44.127037
10.297113
43.604900
15.141017
0.495413
25.219147
67.070381
60.695671
67.779739
50.978180
30.994419
46.056000
4.825572
3.773959
17.143995
51.884171
49.783173
7.242801
-2.482392
6.912193
5.852407
12.016430
67.443054
45.483463
22.421305
44.630112
17.835964
10.137094
51.556599
7.671907
104.942955
12.024195
9.427786
33.204002
36.285046
102.149124
5.193023
9.205423
64.734543
8.499236
20.358873
37.607002
25.394234
18.654469
6.380417
39.355988
3.935638
12.731807
16.851429
-1.734973
64.875313
17.231510
47.821167
34.199730
37.483810
52.000183
18.971712
63.068909
30.525234
43.538174
69.259735
46.914017
28.527893
47.995842
1.037187
33.036980
116.912643
29.305428
35.598934
101.504028
76.451477
66.126472
32.494350
53.043861
40.453548
31.514938
-0.891108
24.814716
50.555573
55.218124
13.920042
47.293915
21.750683
47.540237
16.788410
26.508579
28.314737
7.926633
46.353111
53.788704
24.007002
38.133747
65.255989
19.308130
21.823420
86.995094
59.675423
-3.275062
9.370179
91.095070
20.780249
42.666779
38.471508
8.494541
5.556160
48.491528
32.106285
22.415648
41.753609
25.022173
41.026848
16.426748
45.649246
38.962345
6.411687
-2.991241
11.464518
72.751282
28.001850
68.598763
4.469073
-0.826125
65.339569
11.028509
25.801601
51.401062
37.339451
70.391418
2.187969
4.730316
57.257900
14.165766
14.621049
23.455450
68.364220
13.870495
53.964943
5.607727
34.842781
36.356457
6.825376
28.365143
50.499199
0.846721
5.190846
13.653309
22.940329
55.729752
116.785950
33.786243
68.848030
61.087730
-2.902555
15.062559
32.462372
41.051067
66.567719
6.459424
36.126747
37.284313
52.888428
104.025192
22.629917
56.531261
56.342201
27.505451
60.682674
8.746125
27.268749
41.489037
69.995728
75.816933
25.761120
53.655449
10.014298
46.549332
28.765547
34.426720
62.555946
47.768471
45.900063
5.764675
39.515331
48.152657
72.911148
34.765778
24.651043
19.745649
37.332085
33.025131
5.001647
-3.139630
28.565807
17.598331
19.622042
74.581505
26.508579
5.365128
23.735689
40.424026
5.946676
15.412837
39.998657
49.193314
86.827271
6.678111
27.607834
45.699860
5.902115
30.822300
2.105759
39.917610
33.601486
55.349827
7.544501
0.793006
41.787872
-0.694026
7.808531
47.578976
53.719002
41.867836
102.217094
35.451378
93.679131
42.875603
28.447235
23.679113
73.075310
63.475033
72.317238
13.440527
50.460876
52.167507
33.557102
14.310323
51.101200
52.160019
37.578674
49.779522
60.150108
2.928909
16.696711
10.331924
61.847958
36.256851
24.424583
34.542355
42.808968
26.935478
25.186768
12.937086
56.434780
0.066214
3.510118
-2.770016
53.513641
46.003658
42.789238
76.516586
40.326683
31.443119
23.129929
35.205696
46.396233
24.680277
89.946259
37.697769
33.617287
26.804552
62.528679
19.194298
42.367081
1.239816
18.927492
20.851530
62.556919
53.261990
68.701859
51.202293
87.269943
36.541405
19.776146
72.740616
26.062469
45.109138
36.773300
68.773117
31.861279
68.718903
32.960892
35.011292
37.162617
2.935025
45.849289
47.325317
91.237747
53.698463
10.398333
5.041768
50.581615
4.456615
24.223145
27.881790
13.221731
10.418015
22.225735
5.512097
1.862716
28.134903
38.543976
57.993080
7.333712
27.019497
66.326698
55.729752
-2.144350
72.227570
6.401087
52.962387
12.573724
39.328995
44.497711
88.171997
10.818206
13.449934
39.743305
23.916124
17.017008
29.464397
0.998326
39.787445
5.643434
71.289825
69.832123
24.893612
69.785133
51.669346
7.647105
51.955654
58.712135
16.262915
61.858555
48.815186
59.970734
25.716461
3.723577
41.666412
28.092728
15.129435
36.963757
40.387661
4.437585
33.770538
72.571861
7.911407
15.320450
39.249744
18.214073
87.819870
40.525429
13.607484
28.213886
3.115795
57.055397
56.566002
1.365321
-2.948460
3.650604
14.644981
44.353752
2.036133
37.911026
29.008032
20.606220
47.536942
72.381371
45.576317
50.316788
29.402365
65.269089
32.409145
20.318718
23.613167
74.762428
85.554070
59.454369
22.587429
37.730042
15.604167
20.120317
45.307259
60.693188
6.895480
55.864735
39.273628
7.832130
26.422066
36.276592
77.117065
58.395512
38.677868
66.976982
22.251286
8.608001
4.482645
19.164688
52.324924
3.619159
34.010406
37.223083
58.369228
38.986122
51.034943
-2.140152
61.294708
7.528439
37.030388
2.036133
37.101460
52.660141
94.606682
0.066214
39.920708
37.188934
74.675201
35.490559
37.484673
12.686693
31.719036
48.906654
13.585084
63.421627
20.792744
17.900053
13.585084
19.951334
27.766628
3.022192
51.934097
1.193021
66.505646
40.424026
24.120773
51.931747
52.354839
-2.140152
39.697899
88.826981
5.576922
40.371513
29.647377
-2.775761
23.274883
50.897808
29.580963
35.824154
11.991006
29.492069
59.474709
81.056129
12.078822
14.310323
42.647804
67.985344
4.765323
11.662062
5.985407
53.620590
51.862564
36.030716
40.349663
75.391350
52.480942
42.822906
66.212151
67.224045
44.666931
1.023692
32.532082
60.045128
16.993534
24.298058
19.425613
12.703398
38.198746
32.960892
52.991055
3.639144
20.278221
24.038185
20.183334
20.774824
66.705978
20.572275
56.582184
51.711540
4.341711
1.859381
32.427540
37.196983
44.978561
22.596283
27.031576
9.552441
27.815411
24.334278
39.126671
25.008831
7.027817
57.285686
4.519230
2.096473
47.916443
4.790871
27.708284
14.129684
19.306982
13.468838
44.127037
20.157829
118.322243
34.566387
42.186852
2.564719
4.176653
14.943285
42.243694
52.084648
35.919445
41.438778
16.478432
-0.705695
15.816073
28.407244
53.766968
77.351768
35.664631
30.534597
38.731487
49.020317
9.156386
39.198986
51.397408
41.018372
0.051065
58.722446
49.111526
43.989700
23.850304
22.736549
49.036518
50.612728
27.097456
0.327268
43.342812
18.400894
2.526994
58.491547
65.762512
15.943271
47.182484
64.198853
49.168133
7.854999
37.052361
8.930437
56.434433
75.582741
23.130926
64.796432
34.907978
28.754471
15.689763
49.503296
-0.139618
27.795437
1.882405
20.231438
34.026302
58.191029
50.093098
54.346771
47.458855
18.102757
-2.564256
64.393051
35.466339
28.273067
32.372658
75.722107
92.876907
61.477646
87.458611
10.281149
42.662659
7.873352
7.124698
46.988258
-3.401738
49.872791
39.373890
16.669252
61.803661
15.816934
29.762802
8.682253
50.396889
1.039878
63.480297
2.925285
40.048180
3.723577
44.539505
43.099205
15.103131
25.731686
47.824581
36.349171
73.341385
55.050827
29.318676
4.232041
33.210472
20.871967
20.267197
34.086048
15.107486
4.162431
62.293846
7.529778
95.882515
41.755573
31.438784
38.133614
22.530277
25.350208
12.717731
21.031651
35.781818
3.994799
8.089874
54.138634
39.798386
35.471550
5.779748
6.575922
13.526416
40.541649
34.629868
25.885855
55.498917
21.837040
60.567635
18.654469
15.314839
-2.864917
25.759783
2.403641
104.125610
0.526324
47.430481
44.127037
62.590691
112.137909
20.787045
0.312669
43.636177
31.895241
9.307262
15.268366
1.380657
102.294571
-1.920037
10.820254
43.184166
92.495476
31.568548
14.392040
57.667622
13.114530
9.751753
9.140695
0.312669
56.599182
48.190559
51.378979
60.209354
2.343145
45.292282
-3.154796
14.310323
19.688929
55.935497
65.195953
48.527195
35.410156
0.350276
12.528307
48.584793
8.598228
40.453548
0.830176
33.158405
20.237465
26.866737
8.946556
23.629683
54.574749
51.326935
49.815502
12.225707
64.903931
63.153976
32.146500
46.792698
5.644338
42.833103
62.124447
59.614437
23.258732
68.699844
9.945341
4.230680
60.819649
30.436186
18.575386
59.223469
62.385071
87.548157
68.952911
29.573841
13.317700
29.491362
15.532679
46.085789
9.733685
72.356056
64.981262
51.119858
50.145973
36.057884
18.556431
6.034738
46.634884
18.821568
32.274746
66.091553
55.729752
65.417732
10.039079
77.491943
-3.168345
13.731880
53.498276
1.965437
99.396484
66.272797
44.484707
29.880421
66.004181
24.594706
51.601521
39.553696
65.330688
26.127924
43.589745
50.746613
24.725517
84.687759
41.915112
68.955376
69.780151
70.942780
44.700047
26.380842
31.306395
27.101955
26.879189
37.015015
8.380421
25.903301
51.497829
8.244816
11.390863
5.427504
30.091038
63.375557
0.312669
45.802574
13.016044
50.620796
83.325264
102.217094
3.195340
49.557892
60.567635
88.943863
56.898949
29.170080
34.843216
38.294266
27.478455
38.219551
31.084011
73.305435
33.658699
98.599648
10.573557
47.270134
26.446739
47.940918
19.444036
63.406136
59.371326
58.352352
58.663025
73.875404
26.078415
32.644318
34.823509
41.867836
4.893158
11.899632
48.854622
32.333786
18.697388
40.246574
41.073906
12.913974
54.198254
91.605835
11.454746
49.485985
