22.693468
5.643185
65.351807
1.658022
32.585926
11.851705
71.469048
16.930496
48.077335
35.228287
6.873570
32.528908
92.024902
71.738411
37.899326
59.062691
43.708420
19.441998
9.090607
8.616332
68.813599
72.754959
41.752697
23.339418
1.038794
23.197659
11.468986
18.438908
94.188820
61.573296
66.975586
73.606171
35.141853
14.520749
63.979950
8.106102
18.194124
55.109585
7.843550
44.404366
115.596451
83.243759
3.236145
7.856858
76.306480
17.847805
27.307327
42.693886
49.785713
6.085685
14.165333
3.084796
16.731823
5.437657
26.082901
51.446987
67.788086
17.798697
16.499737
45.084805
35.105141
65.861832
54.811600
41.611004
29.931824
47.856041
88.758827
38.392956
44.573799
60.799526
59.002033
55.170753
14.249947
41.553055
45.308689
27.306463
67.870499
75.209824
59.900856
86.265823
34.835426
53.304527
5.890726
27.082657
62.269386
75.164024
10.482827
67.411591
32.405487
55.645996
14.236296
2.260089
43.261795
21.871544
27.036980
76.119438
28.254654
81.396790
87.037491
26.734112
39.671402
87.966873
66.602417
1.900664
22.045599
80.834793
23.912508
65.528061
12.179927
11.671930
18.873600
57.269558
54.403175
31.934750
80.404373
2.451704
50.376343
25.336050
51.941608
47.253994
19.062660
1.973952
41.553032
79.855225
55.554344
58.128036
3.086800
2.193293
60.317406
16.222458
26.908056
60.245674
45.437569
78.179871
67.854218
8.159110
85.982391
16.984863
59.525429
30.594212
62.400856
12.950559
52.499916
8.633724
46.168697
47.821445
19.994200
34.152184
59.871201
19.283684
14.383873
50.136299
115.596451
19.298046
33.052059
20.794668
60.242332
57.530025
4.887078
19.298046
45.981865
55.292923
74.015709
15.240856
49.066608
43.431328
51.941605
56.429436
22.529003
70.075912
59.718246
35.924828
86.071991
22.773914
28.616341
65.535355
87.464294
90.495728
47.975967
27.996107
24.204433
65.026932
40.765228
57.832458
57.595753
46.602722
62.664848
18.150324
55.553574
65.951088
57.645599
44.004704
31.739212
17.005049
59.737919
39.825012
69.198700
5.031744
29.090302
19.042919
26.111303
73.558167
62.202301
44.717041
16.568945
14.195190
17.978495
33.201023
59.974331
53.576992
77.235626
14.791252
69.671417
57.688721
6.049976
34.637589
2.439187
53.035465
43.896507
55.622490
-0.598527
15.751927
47.066940
13.948954
25.168129
55.550461
27.814077
27.711525
21.097889
6.160069
84.829132
48.271210
52.736397
34.002811
81.191299
43.563332
70.226372
20.175680
45.273212
79.195839
34.514652
67.220245
44.412914
57.295410
48.758450
50.662090
65.189217
59.145294
27.786156
15.276381
76.653549
38.476753
29.449703
71.920715
50.166626
31.286970
35.153988
30.130659
107.056450
3.976129
3.460968
-0.609177
37.721802
70.164108
56.091415
15.593115
50.503052
38.572090
36.105736
45.094952
43.778152
22.423321
77.502930
42.687813
47.324677
22.244360
73.318741
71.509254
57.806576
14.404696
13.226529
17.536003
14.592558
62.596397
70.399811
60.410164
66.219086
50.978859
30.973749
77.382095
37.097893
59.707863
50.982704
58.094692
53.936859
77.932205
15.080412
30.244648
39.972237
18.487019
32.240780
27.882198
77.370956
62.517586
9.248800
10.814930
61.627949
10.823010
46.966629
26.986998
41.053658
16.233833
29.459137
8.840137
14.273984
28.159531
78.905251
14.468043
23.921686
35.167259
75.414658
32.377342
5.790858
90.449471
37.899326
54.912464
12.215486
49.304398
18.194979
79.965942
45.836506
30.043530
61.496868
38.546467
29.812450
30.212154
12.160582
62.694687
15.945889
62.213066
53.466530
34.063290
17.030731
47.543106
26.125141
74.664070
62.955059
2.433617
49.124020
58.203140
77.230194
30.747643
11.200941
52.984871
34.880421
25.636061
42.062595
67.267746
70.368141
40.941608
31.021202
4.954640
15.722872
58.018890
31.950830
73.240616
53.177986
17.981361
41.795456
51.917137
62.646141
69.158974
68.415573
-0.343123
9.469745
28.569799
43.523888
12.900593
44.355991
47.581650
29.126217
58.460526
81.244629
30.315964
49.726345
45.188137
57.274841
13.054390
12.537327
28.515982
82.691956
69.319321
32.220737
64.088676
50.792007
26.395613
29.142866
62.983414
67.272209
15.482525
35.233704
42.022236
3.694181
35.401978
41.139198
68.176270
72.197121
47.941673
54.182350
36.997578
15.113829
70.027931
27.684034
68.868195
4.317884
36.574081
38.351990
81.618576
49.981209
54.751450
17.598736
86.071991
16.694351
28.577663
2.565655
52.426437
27.188372
100.943817
3.976129
45.322350
61.213379
90.281357
41.338707
36.203884
33.021233
53.805534
48.288017
35.505024
46.397285
24.376278
38.625244
115.596451
31.799385
26.591867
6.021118
60.246170
12.274076
63.982399
14.195190
47.118145
57.288223
46.137939
70.164108
20.953899
74.710373
16.344055
52.141640
38.463299
51.732018
34.133461
49.031395
39.126129
12.933040
22.176893
29.316425
75.312073
65.854149
19.744621
1.773702
34.125443
75.574516
9.188356
11.407831
8.358236
48.729919
60.148407
43.178886
40.559982
75.445503
29.890900
51.167633
78.905251
71.425468
17.635284
14.568722
40.993973
69.442451
28.386126
40.278122
24.863834
25.209969
24.501186
46.748432
78.601166
70.164108
31.660351
37.868759
32.855392
33.894669
27.946619
47.343765
63.708069
68.265335
5.701273
17.422174
24.432268
67.982346
42.904293
25.167843
36.426525
3.430348
-0.598527
46.327919
52.587494
26.674868
28.242956
64.041237
61.449791
8.900998
43.968666
18.068186
51.938393
17.670296
19.143938
14.358370
91.008186
36.333508
88.765739
32.932579
49.390869
5.000976
13.418549
36.843437
69.010368
72.059341
48.922462
38.667828
23.338573
3.588268
21.663288
41.195641
73.647736
92.002609
45.677841
36.255722
40.556812
78.734100
8.454389
49.090107
57.335651
67.837479
3.459795
90.042603
40.359898
56.368969
68.629539
46.813301
62.159622
51.892334
27.121952
40.450230
58.466446
21.002726
8.670749
63.799229
55.900352
20.240379
73.948151
75.295204
42.402626
9.589828
76.192169
15.243164
32.488358
67.354942
12.398904
76.557213
32.077644
39.628620
25.220844
51.128746
2.199033
48.865891
4.503938
29.820347
26.059135
21.368210
57.164879
60.209969
62.920898
26.676743
16.848612
59.630356
45.872925
41.393276
16.656874
79.127281
71.240585
87.533348
82.409470
28.968613
43.373520
20.652550
9.421300
31.594833
-0.554779
47.619362
52.910042
29.638256
47.519398
20.071995
30.825127
47.790245
61.055771
30.990849
56.704140
7.300102
54.595867
11.200941
11.268882
45.802750
65.582504
12.933040
41.679340
50.915489
80.135391
62.863663
36.821579
0.004934
21.523474
28.166761
22.906712
10.567300
24.064186
7.672319
47.680054
71.951294
107.873901
55.106995
38.507088
30.464796
21.368210
37.822548
14.746548
71.446358
40.282925
9.966552
15.936253
67.142830
49.247383
63.880672
8.442781
15.495261
32.319099
45.194275
12.461916
28.281162
27.693333
29.790371
94.310806
52.232700
19.931133
7.273710
44.814720
38.370430
87.333199
10.964029
61.893913
75.771797
64.200378
70.719925
36.008095
13.411695
41.245289
66.494873
55.018089
24.861238
38.395073
82.207047
27.721119
14.175714
67.634476
64.531357
53.602844
22.576538
62.401924
27.903570
3.345263
16.817997
42.286125
23.265629
40.437992
55.682480
-0.360761
6.399264
53.793007
4.034661
11.163948
44.137238
75.246811
60.755829
54.460640
42.194000
10.409043
18.905451
50.483055
6.653512
49.343628
2.589407
41.165607
28.383436
43.755669
54.182350
39.298973
75.903389
50.420135
60.661701
21.583836
79.701813
67.345665
57.866249
67.960815
-0.641397
55.301872
53.605049
63.274773
32.260197
78.407890
15.507299
4.971498
65.270210
36.897522
37.897522
49.104790
75.479118
77.009254
78.755219
47.057861
62.213078
30.078121
21.373529
56.588692
28.857342
60.239605
65.165604
66.861801
55.991398
56.350842
13.590294
5.187041
64.689758
43.745884
13.948954
72.680115
19.298046
82.111473
3.862509
56.204948
0.108478
10.285667
60.174767
6.281659
80.144379
76.547630
59.747303
33.295372
67.272583
54.106167
57.062561
0.264666
57.585350
35.301857
38.541817
44.200409
37.232773
45.460022
42.489880
12.834402
82.565491
70.490791
68.390076
54.776665
36.266178
43.207363
21.245943
34.527294
85.156105
48.084332
68.672440
19.698111
23.403515
27.365932
27.409307
92.014709
42.286125
53.444420
31.009663
75.015625
68.329956
115.596451
11.894352
61.067608
70.164108
86.802887
68.644424
47.813034
56.619637
13.406439
32.425903
39.851997
30.832531
50.553810
44.672253
87.216003
17.008211
52.642937
29.782824
49.694904
24.645622
69.135788
73.047951
65.596848
33.405602
69.080276
33.433506
37.149788
11.163948
90.644531
14.254474
11.681774
60.072853
43.630463
50.482140
42.094028
54.696133
10.604066
59.770645
5.845643
23.221830
54.937313
