84.942947
20.252094
12.769201
94.545509
55.427063
32.578529
58.276474
15.380203
27.671833
85.630478
86.447044
92.455711
47.282341
44.920612
99.763451
16.512585
51.327774
119.838188
28.526215
65.125488
93.992973
18.206007
19.469643
82.419838
51.951111
68.370613
82.438942
16.160275
20.160059
38.300156
17.941389
33.862030
95.245094
62.022430
29.540821
81.333885
73.319641
51.405945
94.724937
97.151787
51.157978
76.871773
60.545956
92.802254
59.456364
106.583130
62.264530
88.266357
35.560345
105.081612
118.224785
84.073799
56.782318
65.174004
9.364098
77.954308
85.533241
95.565498
23.159866
26.440453
86.040413
48.268723
16.046993
62.265999
23.023550
129.321884
99.077995
64.034264
10.089428
40.381851
27.890020
82.538811
59.846882
28.972672
19.532719
33.007866
109.398407
33.591919
74.996910
74.315048
36.247707
95.254097
67.467979
43.885498
43.141815
32.420883
82.036682
48.670753
58.590645
39.640602
118.489937
70.488518
108.636742
13.775777
10.352623
46.703617
48.470383
72.563095
84.186302
102.111969
16.817352
80.450966
53.476646
81.315842
98.283516
29.336042
99.750191
63.640930
22.795027
42.817760
90.485672
18.458654
13.815474
105.655525
18.489094
92.565010
64.957588
96.538742
103.333458
31.077751
64.779617
89.023262
68.297844
38.968475
58.750008
112.009750
99.021568
61.565323
101.103127
43.292412
84.690903
65.980469
38.862827
87.086235
82.928017
77.234390
59.821312
51.865105
28.390938
16.966927
73.320778
87.432381
80.919914
97.274315
24.934250
90.175148
65.914864
85.492058
34.515289
81.376678
28.429247
29.630222
88.039146
21.022484
38.011650
112.775421
43.992317
40.794430
58.661713
17.825211
42.324944
111.278236
96.872353
40.998009
40.052677
91.644997
26.288954
90.011940
11.204862
50.403160
59.289169
65.336014
50.449287
92.530159
31.644283
12.088930
74.315048
44.795273
80.946854
45.259956
33.036846
40.677944
36.601852
60.565670
96.959633
43.595596
54.245018
69.486992
78.675354
56.438202
28.784203
22.179850
44.228722
69.336899
99.540733
67.160393
39.982937
88.255623
30.513500
101.497887
94.069252
12.749527
85.908600
82.575142
116.295563
55.380550
39.895668
70.983253
66.660095
111.362816
65.096336
68.171249
71.488541
61.371525
93.271332
46.127766
85.872093
58.501190
81.566841
86.922890
68.145668
77.732224
33.265415
111.792480
27.898544
82.658134
46.815750
77.395447
78.998924
67.481224
47.213638
31.644283
94.944885
93.601967
75.877525
36.368904
95.693108
39.142788
11.649282
15.397303
10.167509
71.107735
40.562977
46.350399
40.291016
35.953423
39.755928
79.131737
16.372360
82.831337
43.992317
80.059776
28.390938
23.603012
15.446417
100.684853
28.531925
79.160408
38.820713
61.272541
88.112114
78.447670
70.095222
73.185410
19.101038
92.492805
52.039112
85.737129
84.431190
107.328072
25.592495
100.911301
110.583733
59.580418
36.601852
70.846558
65.438812
19.819595
79.728142
60.978226
111.552101
73.626411
53.446796
32.865627
29.768402
68.738693
40.303978
74.147408
46.097027
90.278259
97.242622
107.842896
9.850023
16.658901
35.987930
81.368507
55.924530
102.020866
99.258736
56.945259
79.985802
42.463966
24.514252
54.200737
27.306128
66.165108
50.713631
98.753487
76.762123
38.854801
120.438004
102.672874
47.699078
62.279854
13.366689
19.593521
86.760033
101.995583
99.749992
47.403847
105.602592
44.541649
52.106895
61.330612
90.148552
28.341862
49.067688
53.979477
90.270271
128.440750
47.956501
38.677029
66.125954
72.715446
85.433479
40.794430
142.572433
69.786728
75.003716
92.386467
60.136646
44.808514
69.962227
23.701935
38.149368
50.556293
72.711449
70.304794
21.605204
107.445869
15.478081
70.656494
66.200066
34.291363
102.353081
20.749044
69.135315
78.007492
86.928055
50.375114
10.194696
70.571312
100.407372
43.968864
44.228722
40.457809
37.211422
44.829849
77.073288
95.020683
110.028099
61.753155
39.006966
99.773125
127.159729
101.188110
45.914104
56.156013
58.842110
20.739939
62.531071
110.296043
53.750210
32.958965
66.768631
15.397303
75.317429
85.615120
97.273994
29.733784
32.509830
42.209866
106.733833
103.962090
23.652403
49.987885
52.296825
33.316051
94.876556
64.519150
67.315262
72.985542
94.327385
87.197754
94.378609
31.868093
80.332253
68.394753
46.299042
91.742317
44.550491
61.095844
73.614845
16.985668
92.349632
99.224724
16.177937
30.311792
71.407753
88.346703
78.250465
90.058449
42.541939
17.533350
50.728203
94.272820
66.041313
59.110458
24.034121
49.872837
31.290531
46.505470
33.082878
108.546318
99.841011
27.966347
27.243725
77.960808
57.523201
136.890137
83.977074
91.742317
117.429321
18.273468
103.851006
30.566467
89.836655
53.512001
98.899147
31.196215
106.290825
28.882000
91.946121
119.991379
95.213295
92.095253
51.474609
70.212921
84.174896
105.602592
71.821426
14.041985
41.141411
66.088455
70.666321
75.069054
48.401989
41.098465
63.841667
10.384612
72.967186
119.588501
94.469994
90.685905
71.287666
96.915779
44.607040
13.604723
28.337410
102.410408
86.140282
73.880684
45.619656
47.233959
93.069466
94.451653
34.769173
19.928722
66.772644
55.171875
72.606651
101.831177
88.719383
63.784767
92.568970
55.671471
36.988865
52.908440
23.301046
88.402840
10.201872
46.150200
57.099403
89.397469
23.615934
77.098160
59.010525
18.855749
98.079018
12.490435
40.257210
35.429977
13.366430
46.209518
127.159729
45.896950
34.568787
95.590668
78.656189
10.983994
79.154953
74.523430
28.509079
13.193174
93.522438
62.437275
42.449387
75.043457
62.351566
116.359001
45.950668
55.664680
69.079895
55.992722
19.637867
76.135002
41.695869
100.930626
60.865334
22.186935
28.427393
17.411827
51.948860
76.022438
80.611961
78.330933
85.447533
51.265873
53.818588
105.542381
91.781548
96.119240
32.172344
47.399940
65.581802
46.531525
105.881599
49.508064
118.862526
43.339264
56.743763
81.001961
46.607647
52.358780
32.028065
80.961418
9.937419
143.751373
51.911514
70.480743
100.508713
61.758858
77.407028
101.440071
83.562660
108.229919
27.864698
160.598648
107.965965
26.292004
79.298828
57.104279
95.072411
30.070538
58.670410
22.197096
67.216774
100.960548
92.874840
83.157799
85.837547
10.177187
49.573151
15.603251
119.534874
10.479328
43.975025
73.976662
10.460615
72.670952
80.325493
91.136513
93.970741
104.019371
26.131500
74.315048
67.434608
41.469612
102.350655
80.112022
48.553032
106.375473
92.018921
22.137577
85.489616
55.605156
75.067688
59.843384
40.798775
83.027061
70.981194
35.632664
47.897453
30.214531
19.203833
87.006828
69.134560
50.824429
33.199200
89.428627
23.600733
41.361141
99.044121
14.425079
62.351566
75.816261
90.263161
83.256874
44.872879
65.506294
59.646103
27.639935
32.028065
73.383034
21.417078
31.770561
54.834187
49.537941
109.279427
76.404434
90.982460
21.803827
19.360310
95.155479
113.528854
89.527870
83.319290
97.209114
32.654316
92.169441
